# Fluorescence lifetime decay from Fig. 3 PNAS 2008, upper panel (jump to '99) tmin=0, tmax=100 microseconds, evenly spaced	time(us), value
0	1
0.280898876	0.978812
0.561797753	0.890156
0.842696629	0.840679
1.123595506	0.785383
1.404494382	0.857379
1.685393258	0.758553
1.966292135	0.748456
2.247191011	0.716157
2.528089888	0.619522
2.808988764	0.595888
3.08988764	0.562372
3.370786517	0.554784
3.651685393	0.479273
3.93258427	0.471749
4.213483146	0.469599
4.494382022	0.437077
4.775280899	0.423791
5.056179775	0.380708
5.337078652	0.385881
5.617977528	0.396849
5.898876404	0.323287
6.179775281	0.327668
6.460674157	0.29749
6.741573034	0.286859
7.02247191	0.262689
7.303370787	0.287908
7.584269663	0.261347
7.865168539	0.255174
8.146067416	0.243441
8.426966292	0.252785
8.707865169	0.206118
8.988764045	0.181872
9.269662921	0.232824
9.550561798	0.196292
9.831460674	0.14242
10.11235955	0.189616
10.39325843	0.194875
10.6741573	0.150516
10.95505618	0.181666
11.23595506	0.138501
11.51685393	0.138429
11.79775281	0.111043
12.07865169	0.11653
12.35955056	0.136679
12.64044944	0.0883979
12.92134831	0.106059
13.20224719	0.0912686
13.48314607	0.121214
13.76404494	0.128911
14.04494382	0.104089
14.3258427	0.103009
14.60674157	0.0520327
14.88764045	0.0828958
15.16853933	0.0409427
15.4494382	0.0640162
15.73033708	0.0548293
16.01123596	0.0842
16.29213483	0.0642815
16.57303371	0.103023
16.85393258	0.0530331
17.13483146	0.0258827
17.41573034	0.0418094
17.69662921	0.0241583
17.97752809	0.0609849
18.25842697	0.072837
18.53932584	-0.00354021
18.82022472	0.0314781
19.1011236	0.0465491
19.38202247	0.0515538
19.66292135	0.0616282
19.94382022	0.00767892
20.2247191	0.0392874
20.50561798	0.0297831
20.78651685	0.0600829
21.06741573	0.0300758
21.34831461	0.0129216
21.62921348	0.043141
21.91011236	0.0411978
22.19101124	0.0577381
22.47191011	0.0200116
22.75280899	0.0483494
23.03370787	0.0343016
23.31460674	-0.0137504
23.59550562	0.0752539
23.87640449	0.0413248
24.15730337	-0.0112465
24.43820225	0.011097
24.71910112	0.0361657
25	0.0369806
25.28089888	0.0614607
25.56179775	0.00029295
25.84269663	0.00691599
26.12359551	0.0290342
26.40449438	0.0364572
26.68539326	0.0479231
26.96629213	0.0109308
27.24719101	0.0540972
27.52808989	-0.03371
27.80898876	0.0175322
28.08988764	0.0299087
28.37078652	-0.000711709
28.65168539	0.0186874
28.93258427	0.012078
29.21348315	-0.00265714
29.49438202	0.0132495
29.7752809	-0.00545219
30.05617978	-0.00196962
30.33707865	0.00740388
30.61797753	0.026538
30.8988764	0.0357612
31.17977528	-0.047987
31.46067416	0.0260533
31.74157303	0.0103376
32.02247191	0.0137995
32.30337079	0.0291202
32.58426966	-0.00256869
32.86516854	0.0174852
33.14606742	0.0305726
33.42696629	0.0128803
33.70786517	0.026566
33.98876404	0.00123944
34.26966292	-0.0073245
34.5505618	-0.0263146
34.83146067	-0.00166631
35.11235955	0.0185581
35.39325843	-0.00621938
35.6741573	0.0289344
35.95505618	0.00965817
36.23595506	0.00467652
36.51685393	0.0140377
36.79775281	0.010823
37.07865169	0.0238188
37.35955056	-0.0138875
37.64044944	0.00428862
37.92134831	0.0111522
38.20224719	0.015635
38.48314607	0.0257719
38.76404494	0.0100998
39.04494382	0.0284398
39.3258427	-0.020308
39.60674157	0.0240017
39.88764045	-0.0170287
40.16853933	0.0356883
40.4494382	0.0108633
40.73033708	-0.000154975
41.01123596	-0.0123594
41.29213483	-0.0144159
41.57303371	0.0319157
41.85393258	0.00423233
42.13483146	0.00368955
42.41573034	-0.0295465
42.69662921	0.00926094
42.97752809	0.00304856
43.25842697	0.0245118
43.53932584	0.000999933
43.82022472	0.0134291
44.1011236	0.00665861
44.38202247	-0.0368047
44.66292135	0.031797
44.94382022	-0.0113445
45.2247191	0.0306571
45.50561798	-0.00208123
45.78651685	-0.0202099
46.06741573	-0.0133599
46.34831461	0.00558674
46.62921348	-0.00392159
46.91011236	-0.0170641
47.19101124	-0.0291538
47.47191011	-0.0308941
47.75280899	-0.0629673
48.03370787	-0.0292991
48.31460674	-0.0199073
48.59550562	-0.00815965
48.87640449	-0.0293872
49.15730337	0.00507304
49.43820225	-0.00738287
49.71910112	-0.0222724
50	0.0216842
50.28089888	-0.016745
50.56179775	-0.0197363
50.84269663	0.00891728
51.12359551	0.0197854
51.40449438	0.00968391
51.68539326	0.0377076
51.96629213	-0.0132859
52.24719101	0.0152021
52.52808989	-0.0096777
52.80898876	-0.0129501
53.08988764	-0.0355313
53.37078652	0.000506447
53.65168539	-0.0138791
53.93258427	-0.0104548
54.21348315	0.0269554
54.49438202	0.0243278
54.7752809	-0.00611074
55.05617978	-0.0130911
55.33707865	0.0142575
55.61797753	0.00112994
55.8988764	0.00861062
56.17977528	-0.0321546
56.46067416	0.000469852
56.74157303	-0.0566574
57.02247191	0.0461355
57.30337079	0.0116985
57.58426966	0.0256863
57.86516854	0.0226246
58.14606742	-0.0257167
58.42696629	-0.0314227
58.70786517	-0.00123315
58.98876404	0.00443502
59.26966292	0.000284915
59.5505618	-0.0199218
59.83146067	-0.0233279
60.11235955	-0.0152745
60.39325843	-0.000445186
60.6741573	0.0080359
60.95505618	0.00542096
61.23595506	-0.00789268
61.51685393	-0.00973868
61.79775281	-0.0621011
62.07865169	0.00859778
62.35955056	-0.002657
62.64044944	0.00634611
62.92134831	-0.00929408
63.20224719	-0.00852285
63.48314607	-0.0347992
63.76404494	-0.0411545
64.04494382	-0.0203895
64.3258427	0.00705818
64.60674157	-0.00905582
64.88764045	0.0112756
65.16853933	-0.0155477
65.4494382	-0.0203748
65.73033708	-0.0352048
66.01123596	-0.000304806
66.29213483	-0.00706672
66.57303371	0.00222708
66.85393258	0.0361565
67.13483146	-0.0279374
67.41573034	-0.0101241
67.69662921	-0.0220458
67.97752809	-0.0641993
68.25842697	-0.0140321
68.53932584	0.0257931
68.82022472	0.0153768
69.1011236	-0.0045827
69.38202247	0.0118077
69.66292135	-0.0344798
69.94382022	-0.0383782
70.2247191	0.0383532
70.50561798	-0.0143827
70.78651685	0.0170397
71.06741573	-0.0131967
71.34831461	0.00789851
71.62921348	-0.0328626
71.91011236	-0.0131081
72.19101124	-0.00975399
72.47191011	0.000889149
72.75280899	-0.0308717
73.03370787	-0.0307067
73.31460674	0.00541274
73.59550562	0.0129762
73.87640449	-0.0221123
74.15730337	0.0171368
74.43820225	-0.0379165
74.71910112	-0.00776751
75	0.0350403
75.28089888	0.00595937
75.56179775	-0.0287238
75.84269663	-0.0163911
76.12359551	-0.00954662
76.40449438	0.0193819
76.68539326	-0.0101781
76.96629213	0.0162998
77.24719101	-0.0180885
77.52808989	0.000547657
77.80898876	-0.0349262
78.08988764	-0.00993809
78.37078652	0.0126614
78.65168539	-0.0236646
78.93258427	-0.016959
79.21348315	0.0264465
79.49438202	-0.0102643
79.7752809	-0.0219906
80.05617978	0.0126597
80.33707865	0.0165075
80.61797753	0.0301621
80.8988764	-0.0318599
81.17977528	-0.0572376
81.46067416	-0.0172585
81.74157303	0.00308874
82.02247191	0.0179003
82.30337079	0.00598941
82.58426966	-0.0264347
82.86516854	-0.0111075
83.14606742	0.037232
83.42696629	0.00826254
83.70786517	-0.011124
83.98876404	-0.0366737
84.26966292	-0.00441178
84.5505618	-0.0302165
84.83146067	0.0357248
85.11235955	-0.0162323
85.39325843	0.0323063
85.6741573	0.0153544
85.95505618	0.0496911
86.23595506	0.0199391
86.51685393	0.00739115
86.79775281	-0.00278301
87.07865169	-0.0478547
87.35955056	0.0380585
87.64044944	0.0212234
87.92134831	-0.00183915
88.20224719	0.0378143
88.48314607	0.0299637
88.76404494	0.0338174
89.04494382	0.00798204
89.3258427	-0.00165224
89.60674157	-0.0148402
89.88764045	0.00785596
90.16853933	0.00651946
90.4494382	-0.00640183
90.73033708	-0.0273116
91.01123596	-0.000769076
91.29213483	0.0130954
91.57303371	0.0134222
91.85393258	0.00217351
92.13483146	-0.00282356
92.41573034	-0.0132561
92.69662921	0.0197978
92.97752809	0.045197
93.25842697	0.0394645
93.53932584	0.00121267
93.82022472	0.0170214
94.1011236	-0.0245665
94.38202247	0.00378508
94.66292135	0.00272095
94.94382022	0.0441212
95.2247191	-0.012728
95.50561798	0.023057
95.78651685	0.036743
96.06741573	-0.0138863
96.34831461	-0.00722256
96.62921348	0.00133909
96.91011236	-0.0282309
97.19101124	-0.011888
97.47191011	-0.00190955
97.75280899	-0.0151295
98.03370787	-0.0101553
98.31460674	-0.00689873
98.59550562	-0.0372881
98.87640449	-0.0045483
99.15730337	-0.00939535
99.43820225	-0.00942832
99.71910112	-0.0347085
100	0.0152573
