#rate	A_maxlik	<A>	stdA	CI_5pc	CI_95pc
inf	0.000000e+00	-3.710846e-04	2.384739e-03	-9.227326e-04	0.000000e+00
1.000000e+00	0.000000e+00	0.000000e+00	0.000000e+00	-0.000000e+00	-0.000000e+00
8.317638e-01	0.000000e+00	0.000000e+00	0.000000e+00	-0.000000e+00	-0.000000e+00
6.918310e-01	0.000000e+00	0.000000e+00	0.000000e+00	-0.000000e+00	-0.000000e+00
5.754399e-01	0.000000e+00	0.000000e+00	0.000000e+00	-0.000000e+00	-0.000000e+00
4.786301e-01	0.000000e+00	0.000000e+00	0.000000e+00	-0.000000e+00	-0.000000e+00
3.981072e-01	0.000000e+00	0.000000e+00	0.000000e+00	-0.000000e+00	-0.000000e+00
3.311311e-01	0.000000e+00	0.000000e+00	0.000000e+00	-0.000000e+00	-0.000000e+00
2.754229e-01	0.000000e+00	0.000000e+00	0.000000e+00	-0.000000e+00	-0.000000e+00
2.290868e-01	0.000000e+00	0.000000e+00	0.000000e+00	-0.000000e+00	-0.000000e+00
1.905461e-01	0.000000e+00	0.000000e+00	0.000000e+00	-0.000000e+00	-0.000000e+00
1.584893e-01	0.000000e+00	0.000000e+00	0.000000e+00	-0.000000e+00	-0.000000e+00
1.318257e-01	0.000000e+00	0.000000e+00	0.000000e+00	-0.000000e+00	-0.000000e+00
1.096478e-01	0.000000e+00	0.000000e+00	0.000000e+00	-0.000000e+00	-0.000000e+00
9.120108e-02	0.000000e+00	0.000000e+00	0.000000e+00	-0.000000e+00	-0.000000e+00
7.585776e-02	0.000000e+00	0.000000e+00	0.000000e+00	-0.000000e+00	-0.000000e+00
6.309573e-02	0.000000e+00	0.000000e+00	0.000000e+00	-0.000000e+00	-0.000000e+00
5.248075e-02	0.000000e+00	0.000000e+00	0.000000e+00	-0.000000e+00	-0.000000e+00
4.365158e-02	0.000000e+00	0.000000e+00	0.000000e+00	-0.000000e+00	-0.000000e+00
3.630781e-02	0.000000e+00	0.000000e+00	0.000000e+00	-0.000000e+00	-0.000000e+00
3.019952e-02	0.000000e+00	0.000000e+00	0.000000e+00	-0.000000e+00	-0.000000e+00
2.511886e-02	0.000000e+00	0.000000e+00	0.000000e+00	-0.000000e+00	-0.000000e+00
2.089296e-02	0.000000e+00	0.000000e+00	0.000000e+00	-0.000000e+00	-0.000000e+00
1.737801e-02	0.000000e+00	0.000000e+00	0.000000e+00	-0.000000e+00	-0.000000e+00
1.445440e-02	0.000000e+00	0.000000e+00	0.000000e+00	-0.000000e+00	-0.000000e+00
1.202264e-02	0.000000e+00	0.000000e+00	0.000000e+00	-0.000000e+00	-0.000000e+00
1.000000e-02	0.000000e+00	0.000000e+00	0.000000e+00	-0.000000e+00	-0.000000e+00
8.317638e-03	0.000000e+00	0.000000e+00	0.000000e+00	-0.000000e+00	-0.000000e+00
6.918310e-03	0.000000e+00	0.000000e+00	0.000000e+00	-0.000000e+00	-0.000000e+00
5.754399e-03	0.000000e+00	0.000000e+00	0.000000e+00	-0.000000e+00	-0.000000e+00
4.786301e-03	0.000000e+00	0.000000e+00	0.000000e+00	-0.000000e+00	-0.000000e+00
3.981072e-03	0.000000e+00	0.000000e+00	0.000000e+00	-0.000000e+00	-0.000000e+00
3.311311e-03	0.000000e+00	0.000000e+00	0.000000e+00	-0.000000e+00	-0.000000e+00
2.754229e-03	0.000000e+00	0.000000e+00	0.000000e+00	-0.000000e+00	-0.000000e+00
2.290868e-03	0.000000e+00	0.000000e+00	0.000000e+00	-0.000000e+00	-0.000000e+00
1.905461e-03	0.000000e+00	0.000000e+00	0.000000e+00	-0.000000e+00	-0.000000e+00
1.584893e-03	0.000000e+00	0.000000e+00	0.000000e+00	-0.000000e+00	-0.000000e+00
1.318257e-03	0.000000e+00	0.000000e+00	0.000000e+00	-0.000000e+00	-0.000000e+00
1.096478e-03	0.000000e+00	0.000000e+00	0.000000e+00	-0.000000e+00	-0.000000e+00
9.120108e-04	0.000000e+00	0.000000e+00	0.000000e+00	-0.000000e+00	-0.000000e+00
7.585776e-04	0.000000e+00	0.000000e+00	0.000000e+00	-0.000000e+00	-0.000000e+00
6.309573e-04	0.000000e+00	0.000000e+00	0.000000e+00	-0.000000e+00	-0.000000e+00
5.248075e-04	0.000000e+00	0.000000e+00	0.000000e+00	-0.000000e+00	-0.000000e+00
4.365158e-04	0.000000e+00	0.000000e+00	0.000000e+00	-0.000000e+00	-0.000000e+00
3.630781e-04	0.000000e+00	0.000000e+00	0.000000e+00	-0.000000e+00	-0.000000e+00
3.019952e-04	0.000000e+00	0.000000e+00	0.000000e+00	-0.000000e+00	-0.000000e+00
2.511886e-04	0.000000e+00	0.000000e+00	0.000000e+00	-0.000000e+00	-0.000000e+00
2.089296e-04	0.000000e+00	0.000000e+00	0.000000e+00	-0.000000e+00	-0.000000e+00
1.737801e-04	0.000000e+00	0.000000e+00	0.000000e+00	-0.000000e+00	-0.000000e+00
1.445440e-04	0.000000e+00	0.000000e+00	0.000000e+00	-0.000000e+00	-0.000000e+00
1.202264e-04	0.000000e+00	0.000000e+00	0.000000e+00	-0.000000e+00	-0.000000e+00
1.000000e-04	0.000000e+00	0.000000e+00	0.000000e+00	-0.000000e+00	-0.000000e+00
8.317638e-05	0.000000e+00	0.000000e+00	0.000000e+00	0.000000e+00	0.000000e+00
6.918310e-05	0.000000e+00	0.000000e+00	0.000000e+00	0.000000e+00	0.000000e+00
5.754399e-05	0.000000e+00	0.000000e+00	0.000000e+00	0.000000e+00	0.000000e+00
4.786301e-05	0.000000e+00	0.000000e+00	0.000000e+00	0.000000e+00	0.000000e+00
3.981072e-05	0.000000e+00	0.000000e+00	0.000000e+00	0.000000e+00	0.000000e+00
3.311311e-05	0.000000e+00	0.000000e+00	0.000000e+00	0.000000e+00	0.000000e+00
2.754229e-05	0.000000e+00	0.000000e+00	0.000000e+00	0.000000e+00	0.000000e+00
2.290868e-05	0.000000e+00	0.000000e+00	0.000000e+00	0.000000e+00	0.000000e+00
1.905461e-05	0.000000e+00	0.000000e+00	0.000000e+00	0.000000e+00	0.000000e+00
1.584893e-05	0.000000e+00	2.323920e-04	1.043150e-02	0.000000e+00	0.000000e+00
1.318257e-05	0.000000e+00	3.150614e-02	1.107629e-01	0.000000e+00	5.181678e-02
1.096478e-05	0.000000e+00	0.000000e+00	0.000000e+00	0.000000e+00	0.000000e+00
9.120108e-06	0.000000e+00	0.000000e+00	0.000000e+00	0.000000e+00	0.000000e+00
7.585776e-06	1.503833e-01	2.827189e-02	3.954758e-01	0.000000e+00	1.505195e-01
6.309573e-06	7.236412e-01	4.533833e-01	7.041584e-01	3.279380e-01	7.234806e-01
5.248075e-06	0.000000e+00	4.332651e-01	1.132254e+00	0.000000e+00	5.759502e-01
4.365158e-06	0.000000e+00	6.145473e-03	1.839410e-01	0.000000e+00	1.974100e-02
3.630781e-06	0.000000e+00	0.000000e+00	0.000000e+00	0.000000e+00	0.000000e+00
3.019952e-06	0.000000e+00	0.000000e+00	0.000000e+00	0.000000e+00	0.000000e+00
2.511886e-06	0.000000e+00	0.000000e+00	0.000000e+00	0.000000e+00	0.000000e+00
2.089296e-06	0.000000e+00	0.000000e+00	0.000000e+00	0.000000e+00	0.000000e+00
1.737801e-06	0.000000e+00	0.000000e+00	0.000000e+00	0.000000e+00	0.000000e+00
1.445440e-06	0.000000e+00	0.000000e+00	0.000000e+00	0.000000e+00	0.000000e+00
1.202264e-06	0.000000e+00	0.000000e+00	0.000000e+00	0.000000e+00	0.000000e+00
1.000000e-06	0.000000e+00	0.000000e+00	0.000000e+00	0.000000e+00	0.000000e+00
8.317638e-07	0.000000e+00	0.000000e+00	0.000000e+00	0.000000e+00	0.000000e+00
6.918310e-07	0.000000e+00	0.000000e+00	0.000000e+00	0.000000e+00	0.000000e+00
5.754399e-07	0.000000e+00	0.000000e+00	0.000000e+00	0.000000e+00	0.000000e+00
4.786301e-07	0.000000e+00	0.000000e+00	0.000000e+00	0.000000e+00	0.000000e+00
3.981072e-07	0.000000e+00	0.000000e+00	0.000000e+00	0.000000e+00	0.000000e+00
3.311311e-07	0.000000e+00	0.000000e+00	0.000000e+00	0.000000e+00	0.000000e+00
2.754229e-07	0.000000e+00	0.000000e+00	0.000000e+00	0.000000e+00	0.000000e+00
2.290868e-07	0.000000e+00	0.000000e+00	0.000000e+00	0.000000e+00	0.000000e+00
1.905461e-07	0.000000e+00	0.000000e+00	0.000000e+00	0.000000e+00	0.000000e+00
1.584893e-07	0.000000e+00	0.000000e+00	0.000000e+00	0.000000e+00	0.000000e+00
1.318257e-07	0.000000e+00	0.000000e+00	0.000000e+00	0.000000e+00	0.000000e+00
1.096478e-07	0.000000e+00	0.000000e+00	0.000000e+00	0.000000e+00	0.000000e+00
9.120108e-08	0.000000e+00	0.000000e+00	0.000000e+00	0.000000e+00	0.000000e+00
7.585776e-08	0.000000e+00	0.000000e+00	0.000000e+00	0.000000e+00	0.000000e+00
6.309573e-08	0.000000e+00	0.000000e+00	0.000000e+00	0.000000e+00	0.000000e+00
5.248075e-08	0.000000e+00	0.000000e+00	0.000000e+00	0.000000e+00	0.000000e+00
4.365158e-08	0.000000e+00	0.000000e+00	0.000000e+00	0.000000e+00	0.000000e+00
3.630781e-08	0.000000e+00	0.000000e+00	0.000000e+00	0.000000e+00	0.000000e+00
3.019952e-08	0.000000e+00	0.000000e+00	0.000000e+00	0.000000e+00	0.000000e+00
2.511886e-08	0.000000e+00	0.000000e+00	0.000000e+00	0.000000e+00	0.000000e+00
2.089296e-08	0.000000e+00	0.000000e+00	0.000000e+00	0.000000e+00	0.000000e+00
1.737801e-08	0.000000e+00	0.000000e+00	0.000000e+00	0.000000e+00	0.000000e+00
1.445440e-08	0.000000e+00	0.000000e+00	0.000000e+00	0.000000e+00	0.000000e+00
1.202264e-08	0.000000e+00	0.000000e+00	0.000000e+00	0.000000e+00	0.000000e+00
