#rate	A_maxlik	<A>	stdA	CI_5pc	CI_95pc
inf	2.304906e-03	2.293783e-03	4.877583e-05	2.287305e-03	2.304977e-03
1.000000e+00	2.303254e-03	2.292190e-03	4.850243e-05	2.285756e-03	2.303325e-03
8.317638e-01	2.302920e-03	2.291868e-03	4.844715e-05	2.285443e-03	2.302991e-03
6.918310e-01	2.302518e-03	2.291481e-03	4.838069e-05	2.285067e-03	2.302589e-03
5.754399e-01	2.302035e-03	2.291016e-03	4.830080e-05	2.284614e-03	2.302106e-03
4.786301e-01	2.301455e-03	2.290456e-03	4.820477e-05	2.284070e-03	2.301525e-03
3.981072e-01	2.300757e-03	2.289784e-03	4.808934e-05	2.283415e-03	2.300827e-03
3.311311e-01	2.299918e-03	2.288975e-03	4.795059e-05	2.282629e-03	2.299988e-03
2.754229e-01	2.298909e-03	2.288003e-03	4.778383e-05	2.281683e-03	2.298979e-03
2.290868e-01	2.297696e-03	2.286834e-03	4.758340e-05	2.280546e-03	2.297767e-03
1.905461e-01	2.296239e-03	2.285430e-03	4.734254e-05	2.279179e-03	2.296309e-03
1.584893e-01	2.294487e-03	2.283741e-03	4.705310e-05	2.277536e-03	2.294556e-03
1.318257e-01	2.292381e-03	2.281711e-03	4.670532e-05	2.275562e-03	2.292450e-03
1.096478e-01	2.289849e-03	2.279271e-03	4.628751e-05	2.273188e-03	2.289918e-03
9.120108e-02	2.286806e-03	2.276338e-03	4.578562e-05	2.270335e-03	2.286874e-03
7.585776e-02	2.283149e-03	2.272813e-03	4.518286e-05	2.266905e-03	2.283216e-03
6.309573e-02	2.278754e-03	2.268577e-03	4.445910e-05	2.262784e-03	2.278820e-03
5.248075e-02	2.273473e-03	2.263486e-03	4.359030e-05	2.257830e-03	2.273538e-03
4.365158e-02	2.267126e-03	2.257368e-03	4.254775e-05	2.251878e-03	2.267190e-03
3.630781e-02	2.259502e-03	2.250018e-03	4.129721e-05	2.244726e-03	2.259564e-03
3.019952e-02	2.250342e-03	2.241188e-03	3.979797e-05	2.236134e-03	2.250403e-03
2.511886e-02	2.239341e-03	2.230581e-03	3.800177e-05	2.225813e-03	2.239399e-03
2.089296e-02	2.226129e-03	2.217843e-03	3.585163e-05	2.213417e-03	2.226185e-03
1.737801e-02	2.210269e-03	2.202549e-03	3.328080e-05	2.198533e-03	2.210321e-03
1.445440e-02	2.191232e-03	2.184191e-03	3.021198e-05	2.180665e-03	2.191281e-03
1.202264e-02	2.168391e-03	2.162162e-03	2.655791e-05	2.159221e-03	2.168436e-03
1.000000e-02	2.140998e-03	2.135737e-03	2.222610e-05	2.133496e-03	2.141038e-03
8.317638e-03	2.108162e-03	2.104056e-03	1.714038e-05	2.102537e-03	2.108195e-03
6.918310e-03	2.068823e-03	2.066094e-03	1.135427e-05	2.065191e-03	2.068849e-03
5.754399e-03	2.021730e-03	2.020635e-03	6.070155e-06	2.020025e-03	2.021841e-03
4.786301e-03	1.965401e-03	1.966244e-03	8.584114e-06	1.965152e-03	1.968402e-03
3.981072e-03	1.898097e-03	1.901229e-03	1.792271e-05	1.898090e-03	1.905035e-03
3.311311e-03	1.817779e-03	1.823608e-03	2.992814e-05	1.817758e-03	1.829351e-03
2.754229e-03	1.722078e-03	1.731068e-03	4.425091e-05	1.722040e-03	1.739077e-03
2.290868e-03	1.608256e-03	1.620929e-03	6.103708e-05	1.608197e-03	1.631574e-03
1.905461e-03	1.473181e-03	1.490116e-03	8.050139e-05	1.473099e-03	1.503805e-03
1.584893e-03	1.313312e-03	1.335137e-03	1.028380e-04	1.313203e-03	1.352305e-03
1.318257e-03	1.124711e-03	1.152081e-03	1.281611e-04	1.124570e-03	1.173179e-03
1.096478e-03	9.030816e-04	9.366506e-04	1.564346e-04	9.029067e-04	9.621166e-04
9.120108e-04	6.438777e-04	6.842424e-04	1.873758e-04	6.436646e-04	7.144597e-04
7.585776e-04	3.424767e-04	3.900979e-04	2.203251e-04	3.422224e-04	4.253329e-04
6.309573e-04	-5.527366e-06	4.955754e-05	2.540726e-04	-5.824542e-06	8.986734e-05
5.248075e-04	-4.038854e-04	-3.415484e-04	2.866371e-04	-4.042252e-04	-2.964433e-04
4.365158e-04	-8.550654e-04	-7.863295e-04	3.150004e-04	-8.554444e-04	-7.372162e-04
3.630781e-04	-1.359396e-03	-1.286042e-03	3.348144e-04	-1.359806e-03	-1.234434e-03
3.019952e-04	-1.913954e-03	-1.839038e-03	3.401304e-04	-1.914380e-03	-1.787437e-03
2.511886e-04	-2.511202e-03	-2.439441e-03	3.232487e-04	-2.511621e-03	-2.391626e-03
2.089296e-04	-3.137433e-03	-3.075576e-03	2.748984e-04	-3.137813e-03	-3.036870e-03
1.737801e-04	-3.771167e-03	-3.728234e-03	1.853531e-04	-3.771460e-03	-3.705665e-03
1.445440e-04	-4.381723e-03	-4.368941e-03	5.677822e-05	-4.381872e-03	-4.364102e-03
1.202264e-04	-4.928282e-03	-4.958420e-03	1.725612e-04	-4.995081e-03	-4.928220e-03
1.000000e-04	-5.359651e-03	-5.445405e-03	4.311742e-04	-5.525922e-03	-5.359311e-03
8.317638e-05	-5.614556e-03	-5.765584e-03	7.361389e-04	-5.896691e-03	-5.613884e-03
6.918310e-05	-5.621322e-03	-5.839683e-03	1.049146e-03	-6.021833e-03	-5.620298e-03
5.754399e-05	-5.294075e-03	-5.568297e-03	1.305560e-03	-5.791001e-03	-5.292748e-03
4.786301e-05	-4.520396e-03	-4.819294e-03	1.412073e-03	-5.056354e-03	-4.518911e-03
3.981072e-05	-3.134007e-03	-3.402791e-03	1.257583e-03	-3.609441e-03	-3.132626e-03
3.311311e-05	-8.688646e-04	-1.031501e-03	7.435066e-04	-1.146625e-03	-8.679608e-04
2.754229e-05	2.697290e-03	2.725036e-03	1.864662e-04	2.697297e-03	2.768139e-03
2.290868e-05	8.178078e-03	8.462683e-03	1.398935e-03	8.176848e-03	8.715300e-03
1.905461e-05	1.633093e-02	1.688620e-02	2.681754e-03	1.632837e-02	1.735626e-02
1.584893e-05	2.785534e-02	2.861157e-02	3.627308e-03	2.785177e-02	2.923935e-02
1.318257e-05	4.301445e-02	4.381155e-02	3.806461e-03	4.301063e-02	4.446476e-02
1.096478e-05	6.118469e-02	6.180490e-02	2.947388e-03	6.118167e-02	6.230581e-02
9.120108e-06	8.058337e-02	8.082087e-02	1.109909e-03	8.058215e-02	8.100276e-02
7.585776e-06	9.844574e-02	9.818506e-02	1.277301e-03	9.795556e-02	9.844688e-02
6.309573e-06	1.117168e-01	1.109805e-01	3.550671e-03	1.103599e-01	1.117202e-01
5.248075e-06	1.179913e-01	1.169314e-01	5.096602e-03	1.160452e-01	1.179963e-01
4.365158e-06	1.162440e-01	1.150839e-01	5.574270e-03	1.141160e-01	1.162495e-01
3.630781e-06	1.070138e-01	1.059734e-01	4.999838e-03	1.051049e-01	1.070186e-01
3.019952e-06	9.202716e-02	9.126702e-02	3.655749e-03	9.063116e-02	9.203071e-02
2.511886e-06	7.353247e-02	7.313523e-02	1.913636e-03	7.280136e-02	7.353432e-02
2.089296e-06	5.369390e-02	5.367748e-02	8.400764e-05	5.366143e-02	5.369396e-02
1.737801e-06	3.427179e-02	3.461385e-02	1.639809e-03	3.427018e-02	3.489736e-02
1.445440e-06	1.659561e-02	1.725010e-02	3.141305e-03	1.659253e-02	1.779441e-02
1.202264e-06	1.675567e-03	2.574963e-03	4.316960e-03	1.671337e-03	3.323063e-03
1.000000e-06	-9.717959e-03	-8.668307e-03	5.037430e-03	-9.722899e-03	-7.795586e-03
8.317638e-07	-1.708465e-02	-1.600810e-02	5.166947e-03	-1.708972e-02	-1.511279e-02
6.918310e-07	-2.030564e-02	-1.934322e-02	4.622839e-03	-2.031016e-02	-1.854099e-02
5.754399e-07	-1.975106e-02	-1.903692e-02	3.439325e-03	-1.975438e-02	-1.843715e-02
4.786301e-07	-1.629369e-02	-1.592399e-02	1.798153e-03	-1.629535e-02	-1.560487e-02
3.981072e-07	-1.117379e-02	-1.118119e-02	6.175657e-05	-1.118804e-02	-1.116593e-02
3.311311e-07	-5.728909e-03	-6.073993e-03	1.611870e-03	-6.337830e-03	-5.727127e-03
2.754229e-07	-1.079124e-03	-1.663447e-03	2.754456e-03	-2.123700e-03	-1.076197e-03
2.290868e-07	2.106950e-03	1.411202e-03	3.290474e-03	8.575169e-04	2.110396e-03
1.905461e-07	3.677614e-03	2.993391e-03	3.242505e-03	2.445468e-03	3.680980e-03
1.584893e-07	3.894091e-03	3.313017e-03	2.758941e-03	2.844974e-03	3.896931e-03
1.318257e-07	3.232283e-03	2.802789e-03	2.044559e-03	2.454105e-03	3.234363e-03
1.096478e-07	2.186508e-03	1.916254e-03	1.292797e-03	1.693657e-03	2.187795e-03
9.120108e-08	1.138588e-03	1.006116e-03	6.419974e-04	8.928992e-04	1.139190e-03
7.585776e-08	3.065118e-04	2.760638e-04	1.614396e-04	2.439529e-04	3.066080e-04
6.309573e-08	-2.438451e-04	-2.091927e-04	1.513226e-04	-2.440716e-04	-1.895121e-04
5.248075e-08	-5.495442e-04	-4.793853e-04	3.179110e-04	-5.499465e-04	-4.314460e-04
4.365158e-08	-6.907479e-04	-6.043289e-04	3.945835e-04	-6.912307e-04	-5.434460e-04
3.630781e-08	-7.438358e-04	-6.513253e-04	4.233300e-04	-7.443488e-04	-5.855930e-04
3.019952e-08	-7.595769e-04	-6.652624e-04	4.318448e-04	-7.600988e-04	-5.980940e-04
2.511886e-08	-7.631077e-04	-6.683887e-04	4.337541e-04	-7.636317e-04	-6.008983e-04
2.089296e-08	-7.636765e-04	-6.688923e-04	4.340617e-04	-7.642007e-04	-6.013500e-04
1.737801e-08	-7.637383e-04	-6.689470e-04	4.340951e-04	-7.642625e-04	-6.013991e-04
1.445440e-08	-7.637425e-04	-6.689507e-04	4.340973e-04	-7.642667e-04	-6.014024e-04
1.202264e-08	-7.637426e-04	-6.689509e-04	4.340974e-04	-7.642669e-04	-6.014025e-04
