#step	w	sigma	tau	rho	neglogP	neglogP_Nterms	neglogP_Kterms
0	3.701512e-01	3.042003e-02	5.000000e-02	4.900000e-01	-1.447517e+03	-1.163540e+03	-2.839769e+02
1	3.569169e-01	3.042003e-02	5.091855e-02	4.800000e-01	-1.446345e+03	-1.163626e+03	-2.827189e+02
2	3.511634e-01	3.042003e-02	5.133399e-02	4.800000e-01	-1.445814e+03	-1.163663e+03	-2.821515e+02
3	3.522963e-01	3.042003e-02	5.125138e-02	4.800000e-01	-1.445920e+03	-1.163656e+03	-2.822642e+02
4	3.499425e-01	3.042003e-02	5.142346e-02	4.700000e-01	-1.445700e+03	-1.163671e+03	-2.820294e+02
5	3.501549e-01	3.042926e-02	5.142346e-02	4.700000e-01	-1.445644e+03	-1.163614e+03	-2.820308e+02
6	3.516033e-01	3.042926e-02	5.131743e-02	4.600000e-01	-1.445780e+03	-1.163604e+03	-2.821754e+02
7	3.493235e-01	3.033044e-02	5.131743e-02	4.600000e-01	-1.446378e+03	-1.164218e+03	-2.821606e+02
8	3.561100e-01	3.033044e-02	5.082609e-02	4.600000e-01	-1.447005e+03	-1.164174e+03	-2.828316e+02
9	3.573630e-01	3.038376e-02	5.082609e-02	4.600000e-01	-1.446682e+03	-1.163843e+03	-2.828397e+02
10	3.516816e-01	3.038376e-02	5.123499e-02	4.600000e-01	-1.446161e+03	-1.163880e+03	-2.822811e+02
11	3.530401e-01	3.044239e-02	5.123499e-02	4.600000e-01	-1.445805e+03	-1.163515e+03	-2.822899e+02
12	3.492812e-01	3.044239e-02	5.150995e-02	4.500000e-01	-1.445454e+03	-1.163540e+03	-2.819148e+02
13	3.610902e-01	3.044239e-02	5.066066e-02	4.500000e-01	-1.446538e+03	-1.163463e+03	-2.830750e+02
14	3.540707e-01	3.014504e-02	5.066066e-02	4.500000e-01	-1.448335e+03	-1.165306e+03	-2.830291e+02
15	3.520310e-01	3.014504e-02	5.080722e-02	4.400000e-01	-1.448148e+03	-1.165319e+03	-2.828288e+02
16	3.545441e-01	3.014504e-02	5.062683e-02	4.400000e-01	-1.448378e+03	-1.165302e+03	-2.830754e+02
17	3.691741e-01	3.014504e-02	4.961354e-02	4.500000e-01	-1.449669e+03	-1.165206e+03	-2.844634e+02
18	3.657548e-01	3.014504e-02	4.984491e-02	4.400000e-01	-1.449374e+03	-1.165228e+03	-2.841460e+02
19	3.767068e-01	3.014504e-02	4.911500e-02	4.400000e-01	-1.450304e+03	-1.165156e+03	-2.851481e+02
20	3.758008e-01	3.010876e-02	4.911500e-02	4.400000e-01	-1.450522e+03	-1.165380e+03	-2.851422e+02
21	3.750245e-01	3.010876e-02	4.916580e-02	4.400000e-01	-1.450458e+03	-1.165385e+03	-2.850723e+02
22	3.830749e-01	3.010876e-02	4.864644e-02	4.300000e-01	-1.451119e+03	-1.165332e+03	-2.857865e+02
23	3.490089e-01	2.873885e-02	4.864644e-02	4.300000e-01	-1.459141e+03	-1.173590e+03	-2.855507e+02
24	3.518439e-01	2.885533e-02	4.864644e-02	4.400000e-01	-1.458476e+03	-1.172904e+03	-2.855712e+02
25	3.599720e-01	2.885533e-02	4.809409e-02	4.500000e-01	-1.459173e+03	-1.172846e+03	-2.863272e+02
26	3.625688e-01	2.885533e-02	4.792155e-02	4.500000e-01	-1.459390e+03	-1.172827e+03	-2.865634e+02
27	3.633531e-01	2.885533e-02	4.786981e-02	4.400000e-01	-1.459456e+03	-1.172821e+03	-2.866343e+02
28	3.607196e-01	2.885533e-02	4.804423e-02	4.400000e-01	-1.459236e+03	-1.172840e+03	-2.863954e+02
29	3.503287e-01	2.843669e-02	4.804423e-02	4.400000e-01	-1.461609e+03	-1.175289e+03	-2.863194e+02
30	3.527331e-01	2.843669e-02	4.788020e-02	4.500000e-01	-1.461815e+03	-1.175271e+03	-2.865436e+02
31	3.528775e-01	2.843669e-02	4.787041e-02	4.400000e-01	-1.461827e+03	-1.175270e+03	-2.865570e+02
32	3.406644e-01	2.794026e-02	4.787041e-02	4.400000e-01	-1.464576e+03	-1.178112e+03	-2.864645e+02
33	3.328988e-01	2.761997e-02	4.787041e-02	4.400000e-01	-1.466309e+03	-1.179905e+03	-2.864037e+02
34	3.362948e-01	2.776049e-02	4.787041e-02	4.300000e-01	-1.465553e+03	-1.179122e+03	-2.864305e+02
35	3.325859e-01	2.760699e-02	4.787041e-02	4.200000e-01	-1.466378e+03	-1.179977e+03	-2.864013e+02
36	3.196916e-01	2.706654e-02	4.787041e-02	4.200000e-01	-1.469218e+03	-1.182921e+03	-2.862968e+02
37	3.239172e-01	2.706654e-02	4.755714e-02	4.200000e-01	-1.469608e+03	-1.182886e+03	-2.867219e+02
38	3.341169e-01	2.706654e-02	4.682562e-02	4.200000e-01	-1.470517e+03	-1.182802e+03	-2.877148e+02
39	3.427172e-01	2.706654e-02	4.623435e-02	4.100000e-01	-1.471248e+03	-1.182731e+03	-2.885171e+02
40	3.418576e-01	2.703257e-02	4.623435e-02	4.200000e-01	-1.471423e+03	-1.182913e+03	-2.885100e+02
41	3.355438e-01	2.703257e-02	4.666731e-02	4.300000e-01	-1.470887e+03	-1.182965e+03	-2.879227e+02
42	3.522687e-01	2.703257e-02	4.554601e-02	4.300000e-01	-1.472270e+03	-1.182827e+03	-2.894430e+02
43	3.641406e-01	2.703257e-02	4.479740e-02	4.300000e-01	-1.473185e+03	-1.182729e+03	-2.904560e+02
44	3.615124e-01	2.693484e-02	4.479740e-02	4.200000e-01	-1.473683e+03	-1.183249e+03	-2.904344e+02
45	3.669842e-01	2.693484e-02	4.446218e-02	4.100000e-01	-1.474090e+03	-1.183203e+03	-2.908870e+02
46	3.647534e-01	2.693484e-02	4.459793e-02	4.200000e-01	-1.473926e+03	-1.183222e+03	-2.907038e+02
47	3.628345e-01	2.693484e-02	4.471571e-02	4.200000e-01	-1.473782e+03	-1.183238e+03	-2.905447e+02
48	3.793503e-01	2.693484e-02	4.373148e-02	4.200000e-01	-1.474973e+03	-1.183101e+03	-2.918711e+02
49	3.807794e-01	2.693484e-02	4.364934e-02	4.300000e-01	-1.475071e+03	-1.183090e+03	-2.919815e+02
50	3.658621e-01	2.640197e-02	4.364934e-02	4.200000e-01	-1.477708e+03	-1.185852e+03	-2.918560e+02
51	3.686964e-01	2.640197e-02	4.348124e-02	4.100000e-01	-1.477908e+03	-1.185828e+03	-2.920809e+02
52	3.566844e-01	2.596833e-02	4.348124e-02	4.200000e-01	-1.479958e+03	-1.187982e+03	-2.919759e+02
53	3.701747e-01	2.596833e-02	4.268159e-02	4.100000e-01	-1.480900e+03	-1.187862e+03	-2.930385e+02
54	3.750147e-01	2.613754e-02	4.268159e-02	4.200000e-01	-1.480113e+03	-1.187032e+03	-2.930812e+02
55	3.629049e-01	2.571207e-02	4.268159e-02	4.300000e-01	-1.482064e+03	-1.189091e+03	-2.929733e+02
56	3.663748e-01	2.571207e-02	4.247899e-02	4.300000e-01	-1.482301e+03	-1.189060e+03	-2.932409e+02
57	3.595414e-01	2.571207e-02	4.288077e-02	4.200000e-01	-1.481831e+03	-1.189122e+03	-2.927098e+02
58	3.605723e-01	2.574891e-02	4.288077e-02	4.100000e-01	-1.481666e+03	-1.188947e+03	-2.927191e+02
59	3.578509e-01	2.565155e-02	4.288077e-02	4.000000e-01	-1.482101e+03	-1.189407e+03	-2.926944e+02
60	3.658074e-01	2.593515e-02	4.288077e-02	3.900000e-01	-1.480819e+03	-1.188053e+03	-2.927661e+02
61	3.460705e-01	2.522580e-02	4.288077e-02	3.800000e-01	-1.483942e+03	-1.191357e+03	-2.925850e+02
62	3.418691e-01	2.522580e-02	4.314346e-02	3.700000e-01	-1.483635e+03	-1.191397e+03	-2.922382e+02
63	3.263411e-01	2.464625e-02	4.314346e-02	3.600000e-01	-1.485964e+03	-1.193876e+03	-2.920874e+02
64	3.243103e-01	2.456945e-02	4.314346e-02	3.500000e-01	-1.486256e+03	-1.194189e+03	-2.920670e+02
65	3.244026e-01	2.456945e-02	4.313733e-02	3.400000e-01	-1.486263e+03	-1.194188e+03	-2.920751e+02
66	3.251855e-01	2.456945e-02	4.308537e-02	3.500000e-01	-1.486323e+03	-1.194180e+03	-2.921434e+02
67	3.263229e-01	2.456945e-02	4.301021e-02	3.600000e-01	-1.486411e+03	-1.194168e+03	-2.922421e+02
68	3.242788e-01	2.456945e-02	4.314555e-02	3.700000e-01	-1.486253e+03	-1.194189e+03	-2.920643e+02
69	3.296488e-01	2.456945e-02	4.279269e-02	3.600000e-01	-1.486663e+03	-1.194135e+03	-2.925274e+02
70	3.132495e-01	2.395051e-02	4.279269e-02	3.700000e-01	-1.488854e+03	-1.196495e+03	-2.923584e+02
