# Fluorescence lifetime decay from Fig. 3 PNAS 2008, lower panel (jump to '99-19 'b0C) tmin=0, tmax=100 microseconds, evenly spaced
0	1
0.280898876	0.831807
0.561797753	0.817743
0.842696629	0.767485
1.123595506	0.936041
1.404494382	0.921429
1.685393258	0.88467
1.966292135	0.751082
2.247191011	0.753412
2.528089888	0.826668
2.808988764	0.756372
3.08988764	0.703804
3.370786517	0.785109
3.651685393	0.618643
3.93258427	0.754977
4.213483146	0.726612
4.494382022	0.56448
4.775280899	0.680027
5.056179775	0.692519
5.337078652	0.607948
5.617977528	0.572654
5.898876404	0.652202
6.179775281	0.601489
6.460674157	0.575312
6.741573034	0.598239
7.02247191	0.572591
7.303370787	0.624925
7.584269663	0.621139
7.865168539	0.567613
8.146067416	0.514941
8.426966292	0.555579
8.707865169	0.480493
8.988764045	0.476745
9.269662921	0.491474
9.550561798	0.430877
9.831460674	0.509736
10.11235955	0.523178
10.39325843	0.433864
10.6741573	0.453406
10.95505618	0.539029
11.23595506	0.447092
11.51685393	0.471797
11.79775281	0.458396
12.07865169	0.417804
12.35955056	0.46907
12.64044944	0.400652
12.92134831	0.458742
13.20224719	0.444532
13.48314607	0.357563
13.76404494	0.388555
14.04494382	0.466521
14.3258427	0.266956
14.60674157	0.344106
14.88764045	0.356879
15.16853933	0.375897
15.4494382	0.316949
15.73033708	0.369774
16.01123596	0.357308
16.29213483	0.367524
16.57303371	0.29782
16.85393258	0.413904
17.13483146	0.274837
17.41573034	0.344554
17.69662921	0.322415
17.97752809	0.335898
18.25842697	0.2988
18.53932584	0.172552
18.82022472	0.305912
19.1011236	0.33196
19.38202247	0.295871
19.66292135	0.256693
19.94382022	0.224274
20.2247191	0.276341
20.50561798	0.33288
20.78651685	0.220683
21.06741573	0.21779
21.34831461	0.341037
21.62921348	0.243853
21.91011236	0.224747
22.19101124	0.224586
22.47191011	0.28144
22.75280899	0.272253
23.03370787	0.259819
23.31460674	0.194174
23.59550562	0.244601
23.87640449	0.29963
24.15730337	0.174203
24.43820225	0.214034
24.71910112	0.174259
25	0.160411
25.28089888	0.178774
25.56179775	0.151032
25.84269663	0.165396
26.12359551	0.154986
26.40449438	0.136789
26.68539326	0.217752
26.96629213	0.212029
27.24719101	0.135465
27.52808989	0.210394
27.80898876	0.195702
28.08988764	0.17861
28.37078652	0.158113
28.65168539	0.196898
28.93258427	0.148724
29.21348315	0.167071
29.49438202	0.143758
29.7752809	0.230202
30.05617978	0.129507
30.33707865	0.216636
30.61797753	0.236698
30.8988764	0.128656
31.17977528	0.183667
31.46067416	0.192888
31.74157303	0.0965967
32.02247191	0.0984338
32.30337079	0.141707
32.58426966	0.168839
32.86516854	0.0941816
33.14606742	0.110069
33.42696629	0.211812
33.70786517	0.215258
33.98876404	0.148943
34.26966292	0.100927
34.5505618	0.123708
34.83146067	0.136428
35.11235955	0.0977573
35.39325843	0.174799
35.6741573	0.095474
35.95505618	0.130269
36.23595506	0.172414
36.51685393	0.102493
36.79775281	0.105553
37.07865169	0.102946
37.35955056	0.134549
37.64044944	0.137468
37.92134831	0.133903
38.20224719	0.0759771
38.48314607	0.105318
38.76404494	0.121731
39.04494382	0.107189
39.3258427	0.123268
39.60674157	0.0456291
39.88764045	0.0712002
40.16853933	0.0522784
40.4494382	0.0732356
40.73033708	0.0994578
41.01123596	0.0547307
41.29213483	0.0906698
41.57303371	0.0340059
41.85393258	0.0998579
42.13483146	0.0664469
42.41573034	0.034671
42.69662921	0.0834385
42.97752809	0.114771
43.25842697	0.0655842
43.53932584	0.0563632
43.82022472	0.0751359
44.1011236	0.0643274
44.38202247	-0.0162931
44.66292135	0.0937798
44.94382022	0.0660945
45.2247191	0.0818546
45.50561798	0.0558463
45.78651685	-0.0010729
46.06741573	0.0453143
46.34831461	0.124782
46.62921348	0.0589932
46.91011236	0.0754948
47.19101124	0.0294428
47.47191011	0.0551608
47.75280899	-0.00106545
48.03370787	0.0840233
48.31460674	0.114891
48.59550562	0.0751604
48.87640449	-0.018074
49.15730337	-0.00289681
49.43820225	0.0350926
49.71910112	0.0785449
50	0.0795503
50.28089888	0.0958097
50.56179775	0.00525137
50.84269663	0.0610761
51.12359551	0.0575517
51.40449438	0.0195516
51.68539326	0.0244625
51.96629213	0.0496192
52.24719101	-0.0133893
52.52808989	-0.00349154
52.80898876	0.0718985
53.08988764	-0.0466166
53.37078652	-0.00829026
53.65168539	0.0366324
53.93258427	0.0588471
54.21348315	0.0786127
54.49438202	0.059706
54.7752809	0.0034705
55.05617978	0.0655652
55.33707865	0.0389867
55.61797753	0.101831
55.8988764	0.00677307
56.17977528	0.0688954
56.46067416	0.0271106
56.74157303	0.0989755
57.02247191	-0.00561574
57.30337079	0.0098122
57.58426966	-0.00201598
57.86516854	0.0597501
58.14606742	0.0163992
58.42696629	0.0966497
58.70786517	0.0502051
58.98876404	0.0126179
59.26966292	0.0884037
59.5505618	0.0466719
59.83146067	-0.0436425
60.11235955	0.0485472
60.39325843	-0.0182336
60.6741573	0.104909
60.95505618	-0.0593223
61.23595506	0.00115946
61.51685393	0.0404266
61.79775281	0.0380619
62.07865169	0.0787703
62.35955056	0.0721084
62.64044944	0.0602918
62.92134831	0.0470066
63.20224719	0.0501943
63.48314607	0.0250538
63.76404494	0.00403204
64.04494382	0.0215912
64.3258427	0.0458962
64.60674157	0.0250196
64.88764045	0.0165818
65.16853933	0.0044563
65.4494382	-0.0157884
65.73033708	0.0214664
66.01123596	0.0134142
66.29213483	0.0205171
66.57303371	-0.0171726
66.85393258	0.0760832
67.13483146	0.0410383
67.41573034	0.0352867
67.69662921	0.0531253
67.97752809	0.0798585
68.25842697	0.0184566
68.53932584	0.0932052
68.82022472	0.00121526
69.1011236	0.0822348
69.38202247	0.0209255
69.66292135	0.118814
69.94382022	-0.00987628
70.2247191	0.010342
70.50561798	0.0310051
70.78651685	0.0509576
71.06741573	0.0528673
71.34831461	-0.00415879
71.62921348	0.0045176
71.91011236	0.0562981
72.19101124	0.0412037
72.47191011	0.0290474
72.75280899	0.000408071
73.03370787	0.00693153
73.31460674	0.053775
73.59550562	0.0372491
73.87640449	0.0879969
74.15730337	0.0294929
74.43820225	0.0439349
74.71910112	0.0449001
75	0.0120744
75.28089888	-0.0282136
75.56179775	-0.0184939
75.84269663	0.00173547
76.12359551	-0.0205916
76.40449438	0.0198393
76.68539326	-0.0381984
76.96629213	0.0786438
77.24719101	0.0457962
77.52808989	0.0575873
77.80898876	-0.0288819
78.08988764	0.0335881
78.37078652	0.0862291
78.65168539	-0.000137277
78.93258427	0.0269047
79.21348315	-0.00281383
79.49438202	0.0564748
79.7752809	0.0338605
80.05617978	0.0172134
80.33707865	0.0523369
80.61797753	0.0383544
80.8988764	0.0693102
81.17977528	0.019483
81.46067416	0.067511
81.74157303	-0.0413692
82.02247191	0.0134006
82.30337079	0.0158938
82.58426966	-0.00171047
82.86516854	0.000762106
83.14606742	0.0116998
83.42696629	-0.0179372
83.70786517	0.0820413
83.98876404	0.0451677
84.26966292	-0.00545505
84.5505618	0.0348925
84.83146067	0.167108
85.11235955	0.100355
85.39325843	0.0586094
85.6741573	0.0233731
85.95505618	0.00230589
86.23595506	-0.0275421
86.51685393	0.00946254
86.79775281	0.0183476
87.07865169	0.0774778
87.35955056	0.00297395
87.64044944	0.0330473
87.92134831	0.0385571
88.20224719	-0.000474218
88.48314607	-0.0120376
88.76404494	-0.0126667
89.04494382	0.0415171
89.3258427	0.0362618
89.60674157	0.0375024
89.88764045	0.05764
90.16853933	0.0471282
90.4494382	-0.0536726
90.73033708	0.0278897
91.01123596	0.0270391
91.29213483	0.00216289
91.57303371	0.0092128
91.85393258	0.0517766
92.13483146	-0.0127693
92.41573034	-0.0409777
92.69662921	0.0513773
92.97752809	-0.00694552
93.25842697	-0.0912661
93.53932584	0.0226536
93.82022472	-0.00473351
94.1011236	-0.000167296
94.38202247	-0.0369256
94.66292135	-0.0258517
94.94382022	0.0569958
95.2247191	-0.0339406
95.50561798	-0.0132411
95.78651685	-0.0576715
96.06741573	0.0521033
96.34831461	0.0409887
96.62921348	-0.0356175
96.91011236	-0.0672951
97.19101124	-0.0275188
97.47191011	-0.0387821
97.75280899	-0.00427949
98.03370787	0.087069
98.31460674	0.020514
98.59550562	0.0236507
98.87640449	-0.00197141
99.15730337	0.0437249
99.43820225	0.00160304
99.71910112	0.0162629
100	0.0180901
