#rate	A_maxlik	<A>	stdA	CI_5pc	CI_95pc
inf	5.428087e-03	5.067863e-03	1.681144e-03	4.663749e-03	5.411627e-03
1.000000e+00	5.420056e-03	5.060279e-03	1.678798e-03	4.656760e-03	5.403610e-03
8.317638e-01	5.418432e-03	5.058745e-03	1.678324e-03	4.655347e-03	5.401988e-03
6.918310e-01	5.416479e-03	5.056901e-03	1.677754e-03	4.653648e-03	5.400039e-03
5.754399e-01	5.414131e-03	5.054684e-03	1.677068e-03	4.651605e-03	5.397695e-03
4.786301e-01	5.411309e-03	5.052019e-03	1.676244e-03	4.649150e-03	5.394878e-03
3.981072e-01	5.407917e-03	5.048815e-03	1.675252e-03	4.646198e-03	5.391491e-03
3.311311e-01	5.403839e-03	5.044964e-03	1.674061e-03	4.642649e-03	5.387420e-03
2.754229e-01	5.398936e-03	5.040334e-03	1.672628e-03	4.638383e-03	5.382526e-03
2.290868e-01	5.393042e-03	5.034768e-03	1.670906e-03	4.633255e-03	5.376642e-03
1.905461e-01	5.385958e-03	5.028078e-03	1.668836e-03	4.627091e-03	5.369570e-03
1.584893e-01	5.377443e-03	5.020036e-03	1.666347e-03	4.619682e-03	5.361069e-03
1.318257e-01	5.367207e-03	5.010371e-03	1.663355e-03	4.610776e-03	5.350851e-03
1.096478e-01	5.354905e-03	4.998754e-03	1.659758e-03	4.600073e-03	5.338570e-03
9.120108e-02	5.340120e-03	4.984793e-03	1.655434e-03	4.587210e-03	5.323811e-03
7.585776e-02	5.322353e-03	4.968015e-03	1.650237e-03	4.571753e-03	5.306073e-03
6.309573e-02	5.301002e-03	4.947855e-03	1.643990e-03	4.553180e-03	5.284759e-03
5.248075e-02	5.275349e-03	4.923633e-03	1.636480e-03	4.530865e-03	5.259150e-03
4.365158e-02	5.244530e-03	4.894535e-03	1.627455e-03	4.504059e-03	5.228385e-03
3.630781e-02	5.207511e-03	4.859585e-03	1.616608e-03	4.471863e-03	5.191429e-03
3.019952e-02	5.163053e-03	4.817613e-03	1.603572e-03	4.433202e-03	5.147048e-03
2.511886e-02	5.109671e-03	4.767222e-03	1.587908e-03	4.386787e-03	5.093759e-03
2.089296e-02	5.045593e-03	4.706738e-03	1.569086e-03	4.331080e-03	5.029791e-03
1.737801e-02	4.968698e-03	4.634164e-03	1.546475e-03	4.264245e-03	4.953031e-03
1.445440e-02	4.876460e-03	4.547121e-03	1.519314e-03	4.184093e-03	4.860954e-03
1.202264e-02	4.765866e-03	4.442772e-03	1.486695e-03	4.088018e-03	4.750556e-03
1.000000e-02	4.633339e-03	4.317753e-03	1.447530e-03	3.972930e-03	4.618265e-03
8.317638e-03	4.474635e-03	4.168073e-03	1.400517e-03	3.835167e-03	4.459847e-03
6.918310e-03	4.284738e-03	3.989024e-03	1.344105e-03	3.670410e-03	4.270294e-03
5.754399e-03	4.057739e-03	3.775063e-03	1.276443e-03	3.473583e-03	4.043713e-03
4.786301e-03	3.786710e-03	3.519704e-03	1.195331e-03	3.238753e-03	3.773191e-03
3.981072e-03	3.463576e-03	3.215400e-03	1.098165e-03	2.959028e-03	3.450672e-03
3.311311e-03	3.078991e-03	2.853439e-03	9.818761e-04	2.626467e-03	3.066834e-03
2.754229e-03	2.622235e-03	2.423860e-03	8.428886e-04	2.232020e-03	2.610991e-03
2.290868e-03	2.081167e-03	1.915427e-03	6.771406e-04	1.765509e-03	2.071035e-03
1.905461e-03	1.442240e-03	1.315672e-03	4.804416e-04	1.215704e-03	1.433470e-03
1.584893e-03	6.906734e-04	6.110955e-04	2.517580e-04	5.705220e-04	6.835741e-04
1.318257e-03	-1.891813e-04	-2.124396e-04	1.073842e-04	-2.228991e-04	-1.825600e-04
1.096478e-03	-1.213144e-03	-1.168981e-03	3.973125e-04	-1.218922e-03	-1.055784e-03
9.120108e-04	-2.396039e-03	-2.271303e-03	7.889677e-04	-2.395434e-03	-2.059945e-03
7.585776e-04	-3.749855e-03	-3.529052e-03	1.255273e-03	-3.745392e-03	-3.202597e-03
6.309573e-04	-5.280952e-03	-4.945988e-03	1.803510e-03	-5.271721e-03	-4.485392e-03
5.248075e-04	-6.985993e-03	-6.515992e-03	2.442801e-03	-6.970873e-03	-5.900264e-03
4.365158e-04	-8.846174e-03	-8.217478e-03	3.181429e-03	-8.823805e-03	-7.424140e-03
3.630781e-04	-1.081934e-02	-1.000585e-02	4.024803e-03	-1.078810e-02	-9.011839e-03
3.019952e-04	-1.282959e-02	-1.180366e-02	4.972623e-03	-1.278758e-02	-1.058693e-02
2.511886e-04	-1.475410e-02	-1.348847e-02	6.014681e-03	-1.469924e-02	-1.203054e-02
2.089296e-04	-1.640763e-02	-1.487873e-02	7.124818e-03	-1.633775e-02	-1.316863e-02
1.737801e-04	-1.752568e-02	-1.571912e-02	8.252676e-03	-1.743882e-02	-1.375908e-02
1.445440e-04	-1.774934e-02	-1.566836e-02	9.313207e-03	-1.764426e-02	-1.348164e-02
1.202264e-04	-1.661716e-02	-1.429448e-02	1.017484e-02	-1.649405e-02	-1.193544e-02
1.000000e-04	-1.357275e-02	-1.108603e-02	1.064898e-02	-1.343439e-02	-8.651866e-03
8.317638e-05	-8.001129e-03	-5.490523e-03	1.048654e-02	-7.854200e-03	-3.132942e-03
6.918310e-05	6.904532e-04	3.006663e-03	9.391340e-03	8.339683e-04	5.073694e-03
5.754399e-05	1.293221e-02	1.475184e-02	7.064962e-03	1.305411e-02	1.625470e-02
4.786301e-05	2.878729e-02	2.974072e-02	3.306606e-03	2.886362e-02	3.036810e-02
3.981072e-05	4.770380e-02	4.740727e-02	2.031075e-03	4.686096e-02	4.770610e-02
3.311311e-05	6.828830e-02	6.644404e-02	8.241092e-03	6.452298e-02	6.819714e-02
2.754229e-05	8.821924e-02	8.475534e-02	1.461288e-02	8.146341e-02	8.802331e-02
2.290868e-05	1.044513e-01	9.966298e-02	1.967295e-02	9.530842e-02	1.041650e-01
1.905461e-05	1.138180e-01	1.084376e-01	2.176691e-02	1.036693e-01	1.134858e-01
1.584893e-05	1.139732e-01	1.090872e-01	1.960460e-02	1.048112e-01	1.136654e-01
1.318257e-05	1.043545e-01	1.011331e-01	1.294669e-02	9.829098e-02	1.041496e-01
1.096478e-05	8.666297e-02	8.597317e-02	3.022651e-03	8.524359e-02	8.662084e-02
9.120108e-06	6.447229e-02	6.654834e-02	7.791341e-03	6.461080e-02	6.810127e-02
7.585776e-06	4.205892e-02	4.640169e-02	1.662771e-02	4.234615e-02	4.983102e-02
6.309573e-06	2.305388e-02	2.860410e-02	2.140340e-02	2.341954e-02	3.306703e-02
5.248075e-06	9.588101e-03	1.506013e-02	2.126145e-02	9.946182e-03	1.953732e-02
4.365158e-06	2.155961e-03	6.369208e-03	1.660723e-02	2.427219e-03	9.924093e-03
3.630781e-06	-5.987826e-05	2.057311e-03	8.761615e-03	6.812365e-05	4.023809e-03
3.019952e-06	1.263103e-03	9.281309e-04	9.149602e-04	8.433735e-04	1.223704e-03
2.511886e-06	4.044680e-03	1.430256e-03	9.135960e-03	-2.364344e-04	3.849699e-03
2.089296e-06	6.273388e-03	2.031260e-03	1.529354e-02	-9.042878e-04	5.967734e-03
1.737801e-06	6.446362e-03	1.558167e-03	1.780208e-02	-1.910526e-03	6.098108e-03
1.445440e-06	3.868105e-03	-5.746708e-04	1.625059e-02	-3.759491e-03	3.553303e-03
1.202264e-06	-1.267652e-03	-4.301829e-03	1.111677e-02	-6.481777e-03	-1.481728e-03
1.000000e-06	-8.011251e-03	-9.002481e-03	3.617344e-03	-9.699647e-03	-8.080425e-03
8.317638e-07	-1.495159e-02	-1.371369e-02	4.597573e-03	-1.486343e-02	-1.277948e-02
6.918310e-07	-2.059613e-02	-1.740477e-02	1.182498e-02	-2.037105e-02	-1.502896e-02
5.754399e-07	-2.374832e-02	-1.924863e-02	1.670593e-02	-2.343300e-02	-1.589223e-02
4.786301e-07	-2.379310e-02	-1.882651e-02	1.851130e-02	-2.344799e-02	-1.509712e-02
3.981072e-07	-2.082340e-02	-1.621888e-02	1.727174e-02	-2.050755e-02	-1.272117e-02
3.311311e-07	-1.557610e-02	-1.196136e-02	1.370540e-02	-1.533351e-02	-9.161677e-03
2.754229e-07	-9.187601e-03	-6.873242e-03	8.954940e-03	-9.038873e-03	-5.015475e-03
2.290868e-07	-2.837303e-03	-1.807120e-03	4.206848e-03	-2.779208e-03	-9.028025e-04
1.905461e-07	2.589798e-03	2.588733e-03	3.964419e-04	2.538808e-03	2.700313e-03
1.584893e-07	6.681233e-03	5.997513e-03	2.347858e-03	5.552737e-03	6.624888e-03
1.318257e-07	9.459231e-03	8.410931e-03	3.848685e-03	7.634091e-03	9.382341e-03
1.096478e-07	1.119641e-02	1.000400e-02	4.538753e-03	9.058945e-03	1.111451e-02
9.120108e-08	1.221936e-02	1.100032e-02	4.772483e-03	9.983705e-03	1.213993e-02
7.585776e-08	1.279401e-02	1.159239e-02	4.808416e-03	1.055087e-02	1.271899e-02
6.309573e-08	1.310005e-02	1.192167e-02	4.786691e-03	1.087348e-02	1.302868e-02
5.248075e-08	1.325037e-02	1.208793e-02	4.762861e-03	1.103860e-02	1.318121e-02
4.365158e-08	1.331567e-02	1.216123e-02	4.749439e-03	1.111190e-02	1.324757e-02
3.630781e-08	1.333959e-02	1.218825e-02	4.744027e-03	1.113900e-02	1.327190e-02
3.019952e-08	1.334662e-02	1.219620e-02	4.742385e-03	1.114698e-02	1.327905e-02
2.511886e-08	1.334819e-02	1.219798e-02	4.742015e-03	1.114877e-02	1.328065e-02
2.089296e-08	1.334845e-02	1.219827e-02	4.741955e-03	1.114906e-02	1.328090e-02
1.737801e-08	1.334847e-02	1.219830e-02	4.741949e-03	1.114909e-02	1.328093e-02
1.445440e-08	1.334848e-02	1.219830e-02	4.741948e-03	1.114910e-02	1.328093e-02
1.202264e-08	1.334848e-02	1.219830e-02	4.741948e-03	1.114910e-02	1.328093e-02
