#step	w	sigma	tau	rho	neglogP	neglogP_Nterms	neglogP_Kterms
0	3.482022e-01	3.000000e-02	5.084000e-02	5.000000e-01	-2.445975e+03	-2.149700e+03	-2.962749e+02
1	3.497020e-01	3.000000e-02	5.073086e-02	5.000000e-01	-2.446172e+03	-2.149691e+03	-2.964812e+02
2	3.581006e-01	3.035811e-02	5.073086e-02	4.900000e-01	-2.466200e+03	-2.169669e+03	-2.965313e+02
3	3.744154e-01	3.104196e-02	5.073086e-02	4.800000e-01	-2.501793e+03	-2.205170e+03	-2.966224e+02
4	3.846953e-01	3.146521e-02	5.073086e-02	4.800000e-01	-2.522193e+03	-2.225517e+03	-2.966761e+02
5	3.993068e-01	3.205720e-02	5.073086e-02	4.800000e-01	-2.548795e+03	-2.252047e+03	-2.967479e+02
6	3.956302e-01	3.205720e-02	5.096604e-02	4.700000e-01	-2.548368e+03	-2.252064e+03	-2.963035e+02
7	3.968677e-01	3.205720e-02	5.088652e-02	4.800000e-01	-2.548512e+03	-2.252058e+03	-2.964535e+02
8	4.018797e-01	3.225899e-02	5.088652e-02	4.700000e-01	-2.557092e+03	-2.260615e+03	-2.964772e+02
9	4.115304e-01	3.225899e-02	5.028632e-02	4.800000e-01	-2.558187e+03	-2.260570e+03	-2.976170e+02
10	4.088898e-01	3.225899e-02	5.044842e-02	4.800000e-01	-2.557890e+03	-2.260582e+03	-2.973079e+02
11	4.168400e-01	3.225899e-02	4.996502e-02	4.800000e-01	-2.558778e+03	-2.260546e+03	-2.982322e+02
12	4.270164e-01	3.265039e-02	4.996502e-02	4.700000e-01	-2.574753e+03	-2.276475e+03	-2.982772e+02
13	4.512359e-01	3.356355e-02	4.996502e-02	4.600000e-01	-2.608807e+03	-2.310430e+03	-2.983768e+02
14	4.515104e-01	3.357376e-02	4.996502e-02	4.700000e-01	-2.609163e+03	-2.310785e+03	-2.983779e+02
15	4.524293e-01	3.357376e-02	4.991425e-02	4.700000e-01	-2.609257e+03	-2.310782e+03	-2.984755e+02
16	4.537085e-01	3.362119e-02	4.991425e-02	4.800000e-01	-2.610908e+03	-2.312427e+03	-2.984805e+02
17	4.467187e-01	3.362119e-02	5.030324e-02	4.900000e-01	-2.610190e+03	-2.312455e+03	-2.977350e+02
18	4.471299e-01	3.362119e-02	5.028011e-02	4.800000e-01	-2.610232e+03	-2.312453e+03	-2.977792e+02
19	4.487039e-01	3.362119e-02	5.019184e-02	4.800000e-01	-2.610395e+03	-2.312447e+03	-2.979480e+02
20	4.415371e-01	3.362119e-02	5.059754e-02	4.700000e-01	-2.609649e+03	-2.312475e+03	-2.971745e+02
21	4.656619e-01	3.452747e-02	5.059754e-02	4.700000e-01	-2.639161e+03	-2.341895e+03	-2.972657e+02
22	4.700367e-01	3.452747e-02	5.036153e-02	4.700000e-01	-2.639594e+03	-2.341879e+03	-2.977151e+02
23	4.802444e-01	3.490037e-02	5.036153e-02	4.800000e-01	-2.650681e+03	-2.352930e+03	-2.977509e+02
24	4.977760e-01	3.490037e-02	4.946671e-02	4.700000e-01	-2.652344e+03	-2.352871e+03	-2.994728e+02
25	4.856176e-01	3.490037e-02	5.008213e-02	4.700000e-01	-2.651198e+03	-2.352912e+03	-2.982856e+02
26	4.888847e-01	3.501757e-02	5.008213e-02	4.800000e-01	-2.654563e+03	-2.356266e+03	-2.982966e+02
27	5.196643e-01	3.610308e-02	5.008213e-02	4.700000e-01	-2.683177e+03	-2.384782e+03	-2.983948e+02
28	5.095813e-01	3.610308e-02	5.057519e-02	4.800000e-01	-2.682265e+03	-2.384813e+03	-2.974527e+02
29	5.109243e-01	3.610308e-02	5.050868e-02	4.900000e-01	-2.682388e+03	-2.384809e+03	-2.975793e+02
30	5.076042e-01	3.610308e-02	5.067359e-02	4.900000e-01	-2.682084e+03	-2.384819e+03	-2.972657e+02
31	4.950000e-01	3.610308e-02	5.131469e-02	4.800000e-01	-2.680913e+03	-2.384858e+03	-2.960554e+02
32	5.088073e-01	3.660314e-02	5.131469e-02	4.900000e-01	-2.692648e+03	-2.396551e+03	-2.960976e+02
33	5.210487e-01	3.660314e-02	5.070832e-02	4.900000e-01	-2.693757e+03	-2.396515e+03	-2.972423e+02
34	5.227253e-01	3.660314e-02	5.062693e-02	4.900000e-01	-2.693907e+03	-2.396510e+03	-2.973969e+02
35	5.230735e-01	3.661533e-02	5.062693e-02	4.800000e-01	-2.694182e+03	-2.396784e+03	-2.973979e+02
36	5.229310e-01	3.661533e-02	5.063383e-02	4.800000e-01	-2.694169e+03	-2.396784e+03	-2.973848e+02
37	5.282862e-01	3.661533e-02	5.037654e-02	4.700000e-01	-2.694644e+03	-2.396769e+03	-2.978749e+02
38	5.345893e-01	3.683311e-02	5.037654e-02	4.800000e-01	-2.699482e+03	-2.401589e+03	-2.978930e+02
39	5.285571e-01	3.683311e-02	5.066318e-02	4.700000e-01	-2.698953e+03	-2.401606e+03	-2.973471e+02
40	5.368502e-01	3.712094e-02	5.066318e-02	4.600000e-01	-2.705112e+03	-2.407741e+03	-2.973705e+02
41	5.563858e-01	3.779031e-02	5.066318e-02	4.500000e-01	-2.718442e+03	-2.421019e+03	-2.974233e+02
42	5.809686e-01	3.861613e-02	5.066318e-02	4.500000e-01	-2.733108e+03	-2.435622e+03	-2.974852e+02
43	5.698592e-01	3.861613e-02	5.115464e-02	4.500000e-01	-2.732205e+03	-2.435650e+03	-2.965551e+02
44	5.648673e-01	3.861613e-02	5.138017e-02	4.600000e-01	-2.731793e+03	-2.435662e+03	-2.961309e+02
45	5.696579e-01	3.861613e-02	5.116367e-02	4.500000e-01	-2.732188e+03	-2.435650e+03	-2.965380e+02
46	5.703603e-01	3.861613e-02	5.113216e-02	4.500000e-01	-2.732246e+03	-2.435648e+03	-2.965974e+02
47	5.689879e-01	3.861613e-02	5.119379e-02	4.600000e-01	-2.732133e+03	-2.435652e+03	-2.964813e+02
48	5.808327e-01	3.901600e-02	5.119379e-02	4.700000e-01	-2.738578e+03	-2.442068e+03	-2.965100e+02
49	5.965363e-01	3.953991e-02	5.119379e-02	4.700000e-01	-2.746416e+03	-2.449870e+03	-2.965464e+02
50	6.140235e-01	4.011527e-02	5.119379e-02	4.800000e-01	-2.754278e+03	-2.457693e+03	-2.965851e+02
51	6.271128e-01	4.054059e-02	5.119379e-02	4.800000e-01	-2.759616e+03	-2.463003e+03	-2.966128e+02
52	6.263283e-01	4.054059e-02	5.122584e-02	4.900000e-01	-2.759558e+03	-2.463005e+03	-2.965525e+02
53	6.344922e-01	4.054059e-02	5.089522e-02	4.900000e-01	-2.760165e+03	-2.462988e+03	-2.971769e+02
54	6.321972e-01	4.054059e-02	5.098751e-02	4.800000e-01	-2.759995e+03	-2.462993e+03	-2.970022e+02
55	6.408325e-01	4.054059e-02	5.064281e-02	4.700000e-01	-2.760631e+03	-2.462975e+03	-2.976562e+02
56	6.231602e-01	4.054059e-02	5.135589e-02	4.600000e-01	-2.759320e+03	-2.463012e+03	-2.963078e+02
57	6.310338e-01	4.054059e-02	5.103449e-02	4.700000e-01	-2.759909e+03	-2.462995e+03	-2.969134e+02
58	6.430896e-01	4.092602e-02	5.103449e-02	4.600000e-01	-2.764416e+03	-2.467478e+03	-2.969380e+02
59	6.562300e-01	4.092602e-02	5.052095e-02	4.600000e-01	-2.765365e+03	-2.467452e+03	-2.979130e+02
60	6.614467e-01	4.092602e-02	5.032133e-02	4.500000e-01	-2.765736e+03	-2.467442e+03	-2.982945e+02
61	6.603503e-01	4.092602e-02	5.036309e-02	4.600000e-01	-2.765658e+03	-2.467444e+03	-2.982146e+02
62	6.490431e-01	4.092602e-02	5.079989e-02	4.600000e-01	-2.764848e+03	-2.467466e+03	-2.973823e+02
63	6.470656e-01	4.086363e-02	5.079989e-02	4.700000e-01	-2.764139e+03	-2.466761e+03	-2.973783e+02
64	6.401031e-01	4.086363e-02	5.107542e-02	4.600000e-01	-2.763632e+03	-2.466775e+03	-2.968567e+02
65	6.499019e-01	4.117522e-02	5.107542e-02	4.500000e-01	-2.767094e+03	-2.470218e+03	-2.968762e+02
66	6.497036e-01	4.116893e-02	5.107542e-02	4.500000e-01	-2.767026e+03	-2.470150e+03	-2.968758e+02
67	6.521329e-01	4.124583e-02	5.107542e-02	4.600000e-01	-2.767852e+03	-2.470971e+03	-2.968806e+02
68	6.625361e-01	4.157352e-02	5.107542e-02	4.600000e-01	-2.771243e+03	-2.474342e+03	-2.969006e+02
69	6.688916e-01	4.177244e-02	5.107542e-02	4.600000e-01	-2.773203e+03	-2.476290e+03	-2.969126e+02
70	6.667693e-01	4.177244e-02	5.115664e-02	4.600000e-01	-2.773053e+03	-2.476294e+03	-2.967593e+02
71	6.704060e-01	4.177244e-02	5.101770e-02	4.600000e-01	-2.773309e+03	-2.476287e+03	-2.970217e+02
72	6.738598e-01	4.187990e-02	5.101770e-02	4.700000e-01	-2.774337e+03	-2.477309e+03	-2.970281e+02
73	6.854314e-01	4.187990e-02	5.058522e-02	4.800000e-01	-2.775137e+03	-2.477288e+03	-2.978491e+02
74	6.804950e-01	4.187990e-02	5.076837e-02	4.700000e-01	-2.774797e+03	-2.477297e+03	-2.975007e+02
75	6.960740e-01	4.235658e-02	5.076837e-02	4.800000e-01	-2.779109e+03	-2.481581e+03	-2.975287e+02
76	7.140229e-01	4.289921e-02	5.076837e-02	4.700000e-01	-2.783542e+03	-2.485982e+03	-2.975597e+02
77	7.253620e-01	4.289921e-02	5.036999e-02	4.800000e-01	-2.784283e+03	-2.485963e+03	-2.983195e+02
78	7.326890e-01	4.289921e-02	5.011751e-02	4.900000e-01	-2.784755e+03	-2.485951e+03	-2.988039e+02
79	7.468857e-01	4.331283e-02	5.011751e-02	4.800000e-01	-2.787811e+03	-2.488984e+03	-2.988270e+02
80	7.570054e-01	4.331283e-02	4.978139e-02	4.800000e-01	-2.788443e+03	-2.488968e+03	-2.994754e+02
81	7.619891e-01	4.345516e-02	4.978139e-02	4.900000e-01	-2.789433e+03	-2.489950e+03	-2.994833e+02
82	7.769821e-01	4.388060e-02	4.978139e-02	5.000000e-01	-2.792209e+03	-2.492702e+03	-2.995065e+02
83	7.896699e-01	4.423742e-02	4.978139e-02	5.100000e-01	-2.794332e+03	-2.494806e+03	-2.995255e+02
84	7.942518e-01	4.436558e-02	4.978139e-02	5.000000e-01	-2.795050e+03	-2.495518e+03	-2.995322e+02
85	8.021244e-01	4.436558e-02	4.953649e-02	4.900000e-01	-2.795514e+03	-2.495507e+03	-3.000073e+02
86	8.258935e-01	4.436558e-02	4.881846e-02	4.800000e-01	-2.796886e+03	-2.495473e+03	-3.014129e+02
87	8.297735e-01	4.446967e-02	4.881846e-02	4.800000e-01	-2.797453e+03	-2.496034e+03	-3.014184e+02
88	8.331346e-01	4.446967e-02	4.871989e-02	4.800000e-01	-2.797642e+03	-2.496029e+03	-3.016129e+02
89	8.621652e-01	4.523781e-02	4.871989e-02	4.700000e-01	-2.801378e+03	-2.499725e+03	-3.016525e+02
90	8.585257e-01	4.514222e-02	4.871989e-02	4.700000e-01	-2.800955e+03	-2.499307e+03	-3.016477e+02
91	8.596525e-01	4.514222e-02	4.868795e-02	4.700000e-01	-2.801016e+03	-2.499305e+03	-3.017108e+02
92	8.630119e-01	4.514222e-02	4.859309e-02	4.800000e-01	-2.801199e+03	-2.499301e+03	-3.018984e+02
93	8.895946e-01	4.583219e-02	4.859309e-02	4.700000e-01	-2.803997e+03	-2.502064e+03	-3.019329e+02
94	8.825996e-01	4.583219e-02	4.878527e-02	4.800000e-01	-2.803626e+03	-2.502073e+03	-3.015531e+02
95	8.687473e-01	4.583219e-02	4.917268e-02	4.900000e-01	-2.802882e+03	-2.502091e+03	-3.007915e+02
96	8.725989e-01	4.583219e-02	4.906403e-02	4.900000e-01	-2.803090e+03	-2.502086e+03	-3.010046e+02
97	8.820805e-01	4.583219e-02	4.879963e-02	4.800000e-01	-2.803598e+03	-2.502074e+03	-3.015247e+02
98	9.061591e-01	4.583219e-02	4.814690e-02	4.800000e-01	-2.804863e+03	-2.502043e+03	-3.028200e+02
99	8.960495e-01	4.557581e-02	4.814690e-02	4.800000e-01	-2.803892e+03	-2.501085e+03	-3.028073e+02
100	9.034505e-01	4.576364e-02	4.814690e-02	4.900000e-01	-2.804611e+03	-2.501795e+03	-3.028166e+02
101	9.245883e-01	4.629590e-02	4.814690e-02	4.900000e-01	-2.806423e+03	-2.503581e+03	-3.028426e+02
102	9.322459e-01	4.629590e-02	4.794875e-02	5.000000e-01	-2.806811e+03	-2.503571e+03	-3.032390e+02
103	9.510519e-01	4.676053e-02	4.794875e-02	4.900000e-01	-2.808129e+03	-2.504868e+03	-3.032612e+02
104	9.584686e-01	4.676053e-02	4.776288e-02	5.000000e-01	-2.808494e+03	-2.504860e+03	-3.036345e+02
105	1.026843e+00	4.676053e-02	4.614528e-02	4.900000e-01	-2.811723e+03	-2.504783e+03	-3.069399e+02
106	1.016435e+00	4.676053e-02	4.638094e-02	4.900000e-01	-2.811246e+03	-2.504794e+03	-3.064519e+02
107	1.050851e+00	4.676053e-02	4.561513e-02	4.800000e-01	-2.812803e+03	-2.504757e+03	-3.080461e+02
108	1.052856e+00	4.680512e-02	4.561513e-02	4.700000e-01	-2.812917e+03	-2.504869e+03	-3.080482e+02
109	1.051734e+00	4.680512e-02	4.563946e-02	4.700000e-01	-2.812868e+03	-2.504870e+03	-3.079972e+02
110	1.096620e+00	4.680512e-02	4.469567e-02	4.700000e-01	-2.814817e+03	-2.504823e+03	-3.099945e+02
111	1.124428e+00	4.739486e-02	4.469567e-02	4.800000e-01	-2.816134e+03	-2.506111e+03	-3.100228e+02
112	1.101672e+00	4.691283e-02	4.469567e-02	4.700000e-01	-2.815085e+03	-2.505085e+03	-3.099997e+02
113	1.101271e+00	4.691283e-02	4.470380e-02	4.600000e-01	-2.815068e+03	-2.505086e+03	-3.099824e+02
114	1.118569e+00	4.727983e-02	4.470380e-02	4.600000e-01	-2.815888e+03	-2.505888e+03	-3.100000e+02
115	1.126447e+00	4.727983e-02	4.454722e-02	4.600000e-01	-2.816215e+03	-2.505880e+03	-3.103350e+02
116	1.115560e+00	4.727983e-02	4.476405e-02	4.700000e-01	-2.815763e+03	-2.505891e+03	-3.098713e+02
117	1.102155e+00	4.699490e-02	4.476405e-02	4.800000e-01	-2.815138e+03	-2.505280e+03	-3.098577e+02
118	1.111596e+00	4.719576e-02	4.476405e-02	4.900000e-01	-2.815587e+03	-2.505720e+03	-3.098673e+02
119	1.126643e+00	4.719576e-02	4.446413e-02	4.900000e-01	-2.816214e+03	-2.505705e+03	-3.105092e+02
120	1.153889e+00	4.776302e-02	4.446413e-02	5.000000e-01	-2.817260e+03	-2.506724e+03	-3.105359e+02
121	1.143846e+00	4.755471e-02	4.446413e-02	5.100000e-01	-2.816913e+03	-2.506387e+03	-3.105262e+02
122	1.193264e+00	4.857111e-02	4.446413e-02	5.100000e-01	-2.818214e+03	-2.507641e+03	-3.105727e+02
123	1.234659e+00	4.857111e-02	4.371239e-02	5.000000e-01	-2.819803e+03	-2.507604e+03	-3.121991e+02
124	1.258375e+00	4.903539e-02	4.371239e-02	4.900000e-01	-2.820083e+03	-2.507864e+03	-3.122198e+02
125	1.283117e+00	4.903539e-02	4.328889e-02	4.900000e-01	-2.820990e+03	-2.507843e+03	-3.131471e+02
126	1.305198e+00	4.945550e-02	4.328889e-02	5.000000e-01	-2.821085e+03	-2.507919e+03	-3.131655e+02
127	1.304315e+00	4.943878e-02	4.328889e-02	4.900000e-01	-2.821084e+03	-2.507919e+03	-3.131647e+02
128	1.280618e+00	4.943878e-02	4.368757e-02	4.900000e-01	-2.820230e+03	-2.507939e+03	-3.122914e+02
129	1.293613e+00	4.943878e-02	4.346759e-02	4.900000e-01	-2.820700e+03	-2.507928e+03	-3.127724e+02
130	1.291106e+00	4.939086e-02	4.346759e-02	4.900000e-01	-2.820696e+03	-2.507926e+03	-3.127703e+02
131	1.273321e+00	4.904949e-02	4.346759e-02	4.900000e-01	-2.820612e+03	-2.507856e+03	-3.127555e+02
132	1.322124e+00	4.904949e-02	4.265780e-02	4.800000e-01	-2.822360e+03	-2.507816e+03	-3.145448e+02
133	1.313137e+00	4.888250e-02	4.265780e-02	4.800000e-01	-2.822283e+03	-2.507746e+03	-3.145373e+02
134	1.273297e+00	4.888250e-02	4.332000e-02	4.900000e-01	-2.820851e+03	-2.507779e+03	-3.130720e+02
135	1.241936e+00	4.827675e-02	4.332000e-02	4.800000e-01	-2.820364e+03	-2.507320e+03	-3.130446e+02
136	1.231293e+00	4.806946e-02	4.332000e-02	4.800000e-01	-2.820121e+03	-2.507086e+03	-3.130351e+02
137	1.256475e+00	4.855852e-02	4.332000e-02	4.900000e-01	-2.820632e+03	-2.507574e+03	-3.130575e+02
138	1.267551e+00	4.855852e-02	4.313032e-02	4.800000e-01	-2.821040e+03	-2.507565e+03	-3.134751e+02
139	1.281562e+00	4.882615e-02	4.313032e-02	4.900000e-01	-2.821228e+03	-2.507741e+03	-3.134872e+02
140	1.304244e+00	4.925634e-02	4.313032e-02	4.900000e-01	-2.821400e+03	-2.507893e+03	-3.135062e+02
141	1.264577e+00	4.850153e-02	4.313032e-02	4.900000e-01	-2.820992e+03	-2.507519e+03	-3.134725e+02
142	1.241330e+00	4.850153e-02	4.353231e-02	4.800000e-01	-2.820129e+03	-2.507539e+03	-3.125893e+02
143	1.261951e+00	4.850153e-02	4.317517e-02	4.700000e-01	-2.820895e+03	-2.507521e+03	-3.133736e+02
144	1.250525e+00	4.850153e-02	4.337197e-02	4.600000e-01	-2.820472e+03	-2.507531e+03	-3.129407e+02
145	1.295223e+00	4.936071e-02	4.337197e-02	4.600000e-01	-2.820898e+03	-2.507919e+03	-3.129788e+02
146	1.316095e+00	4.975685e-02	4.337197e-02	4.700000e-01	-2.820885e+03	-2.507889e+03	-3.129958e+02
147	1.346517e+00	4.975685e-02	4.287923e-02	4.800000e-01	-2.821948e+03	-2.507865e+03	-3.140833e+02
148	1.370419e+00	5.019653e-02	4.287923e-02	4.800000e-01	-2.821788e+03	-2.507686e+03	-3.141018e+02
149	1.350378e+00	5.019653e-02	4.319625e-02	4.700000e-01	-2.821103e+03	-2.507702e+03	-3.134008e+02
150	1.387917e+00	5.019653e-02	4.260807e-02	4.800000e-01	-2.822378e+03	-2.507673e+03	-3.147051e+02
151	1.358238e+00	5.019653e-02	4.307108e-02	4.700000e-01	-2.821373e+03	-2.507696e+03	-3.136771e+02
152	1.401312e+00	5.019653e-02	4.240394e-02	4.600000e-01	-2.822824e+03	-2.507663e+03	-3.151615e+02
153	1.425384e+00	5.062583e-02	4.240394e-02	4.500000e-01	-2.822527e+03	-2.507347e+03	-3.151793e+02
154	1.444149e+00	5.062583e-02	4.212755e-02	4.500000e-01	-2.823134e+03	-2.507334e+03	-3.158004e+02
155	1.459069e+00	5.062583e-02	4.191161e-02	4.400000e-01	-2.823611e+03	-2.507323e+03	-3.162881e+02
156	1.468899e+00	5.079609e-02	4.191161e-02	4.400000e-01	-2.823456e+03	-2.507161e+03	-3.162951e+02
157	1.571540e+00	5.079609e-02	4.051983e-02	4.300000e-01	-2.826583e+03	-2.507090e+03	-3.194928e+02
158	1.543897e+00	5.079609e-02	4.088096e-02	4.400000e-01	-2.825763e+03	-2.507109e+03	-3.186540e+02
159	1.556737e+00	5.100688e-02	4.088096e-02	4.500000e-01	-2.825542e+03	-2.506879e+03	-3.186626e+02
160	1.562549e+00	5.110200e-02	4.088096e-02	4.500000e-01	-2.825432e+03	-2.506766e+03	-3.186665e+02
161	1.565823e+00	5.115550e-02	4.088096e-02	4.400000e-01	-2.825368e+03	-2.506699e+03	-3.186687e+02
162	1.548265e+00	5.086789e-02	4.088096e-02	4.400000e-01	-2.825691e+03	-2.507034e+03	-3.186569e+02
163	1.487860e+00	4.986573e-02	4.088096e-02	4.500000e-01	-2.826347e+03	-2.507733e+03	-3.186146e+02
164	1.497078e+00	5.001996e-02	4.088096e-02	4.500000e-01	-2.826296e+03	-2.507674e+03	-3.186213e+02
165	1.491728e+00	5.001996e-02	4.095420e-02	4.400000e-01	-2.826130e+03	-2.507678e+03	-3.184520e+02
166	1.464876e+00	4.956772e-02	4.095420e-02	4.300000e-01	-2.826228e+03	-2.507796e+03	-3.184323e+02
167	1.454428e+00	4.939063e-02	4.095420e-02	4.200000e-01	-2.826221e+03	-2.507797e+03	-3.184245e+02
168	1.521851e+00	4.939063e-02	4.003673e-02	4.100000e-01	-2.828312e+03	-2.507747e+03	-3.205645e+02
169	1.529075e+00	4.939063e-02	3.994203e-02	4.100000e-01	-2.828530e+03	-2.507742e+03	-3.207878e+02
170	1.525974e+00	4.939063e-02	3.998260e-02	4.100000e-01	-2.828436e+03	-2.507744e+03	-3.206921e+02
171	1.535270e+00	4.954084e-02	3.998260e-02	4.100000e-01	-2.828444e+03	-2.507745e+03	-3.206988e+02
172	1.545774e+00	4.971003e-02	3.998260e-02	4.200000e-01	-2.828430e+03	-2.507724e+03	-3.207063e+02
173	1.564318e+00	4.971003e-02	3.974492e-02	4.200000e-01	-2.828979e+03	-2.507711e+03	-3.212683e+02
174	1.560108e+00	4.964311e-02	3.974492e-02	4.200000e-01	-2.828987e+03	-2.507722e+03	-3.212654e+02
175	1.542005e+00	4.935424e-02	3.974492e-02	4.300000e-01	-2.828980e+03	-2.507728e+03	-3.212525e+02
176	1.503156e+00	4.872856e-02	3.974492e-02	4.400000e-01	-2.828726e+03	-2.507502e+03	-3.212238e+02
177	1.518118e+00	4.872856e-02	3.954857e-02	4.300000e-01	-2.829181e+03	-2.507490e+03	-3.216902e+02
178	1.517186e+00	4.872856e-02	3.956072e-02	4.300000e-01	-2.829152e+03	-2.507491e+03	-3.216613e+02
179	1.518096e+00	4.874316e-02	3.956072e-02	4.300000e-01	-2.829162e+03	-2.507500e+03	-3.216620e+02
180	1.528268e+00	4.890620e-02	3.956072e-02	4.200000e-01	-2.829259e+03	-2.507590e+03	-3.216696e+02
181	1.574194e+00	4.890620e-02	3.897937e-02	4.100000e-01	-2.830618e+03	-2.507556e+03	-3.230620e+02
182	1.607775e+00	4.890620e-02	3.857015e-02	4.200000e-01	-2.831585e+03	-2.507532e+03	-3.240529e+02
183	1.663812e+00	4.890620e-02	3.791507e-02	4.100000e-01	-2.833151e+03	-2.507493e+03	-3.256581e+02
184	1.752975e+00	4.890620e-02	3.693823e-02	4.000000e-01	-2.835529e+03	-2.507433e+03	-3.280959e+02
185	1.768149e+00	4.911742e-02	3.693823e-02	4.000000e-01	-2.835621e+03	-2.507515e+03	-3.281059e+02
186	1.765925e+00	4.911742e-02	3.696148e-02	4.000000e-01	-2.835564e+03	-2.507517e+03	-3.280472e+02
187	1.757319e+00	4.899758e-02	3.696148e-02	4.100000e-01	-2.835516e+03	-2.507474e+03	-3.280416e+02
188	1.740967e+00	4.876909e-02	3.696148e-02	4.100000e-01	-2.835391e+03	-2.507360e+03	-3.280308e+02
189	1.737715e+00	4.876909e-02	3.699605e-02	4.200000e-01	-2.835306e+03	-2.507362e+03	-3.279436e+02
190	1.756710e+00	4.876909e-02	3.679549e-02	4.200000e-01	-2.835800e+03	-2.507349e+03	-3.284502e+02
191	1.910672e+00	4.876909e-02	3.528187e-02	4.300000e-01	-2.839600e+03	-2.507251e+03	-3.323494e+02
192	1.947531e+00	4.923724e-02	3.528187e-02	4.300000e-01	-2.839811e+03	-2.507439e+03	-3.323718e+02
193	1.935412e+00	4.923724e-02	3.539216e-02	4.200000e-01	-2.839530e+03	-2.507447e+03	-3.320830e+02
194	2.032658e+00	4.923724e-02	3.453517e-02	4.200000e-01	-2.841736e+03	-2.507390e+03	-3.343466e+02
195	2.021148e+00	4.923724e-02	3.463337e-02	4.200000e-01	-2.841481e+03	-2.507396e+03	-3.340849e+02
196	2.045858e+00	4.953731e-02	3.463337e-02	4.300000e-01	-2.841520e+03	-2.507421e+03	-3.340990e+02
197	2.098245e+00	4.953731e-02	3.419829e-02	4.300000e-01	-2.842654e+03	-2.507391e+03	-3.352631e+02
198	2.075535e+00	4.953731e-02	3.438487e-02	4.200000e-01	-2.842166e+03	-2.507404e+03	-3.347624e+02
199	2.155479e+00	5.048232e-02	3.438487e-02	4.300000e-01	-2.841819e+03	-2.507014e+03	-3.348054e+02
200	2.171935e+00	5.067466e-02	3.438487e-02	4.200000e-01	-2.841665e+03	-2.506851e+03	-3.348138e+02
201	2.212125e+00	5.114135e-02	3.438487e-02	4.100000e-01	-2.841181e+03	-2.506347e+03	-3.348340e+02
202	2.153520e+00	5.114135e-02	3.484960e-02	4.200000e-01	-2.839973e+03	-2.506377e+03	-3.335962e+02
203	2.144673e+00	5.103621e-02	3.484960e-02	4.300000e-01	-2.840095e+03	-2.506504e+03	-3.335918e+02
204	2.159619e+00	5.121372e-02	3.484960e-02	4.200000e-01	-2.839884e+03	-2.506285e+03	-3.335993e+02
205	2.224225e+00	5.121372e-02	3.433974e-02	4.200000e-01	-2.841211e+03	-2.506253e+03	-3.349580e+02
206	2.259417e+00	5.121372e-02	3.407126e-02	4.300000e-01	-2.841916e+03	-2.506236e+03	-3.356801e+02
207	2.242713e+00	5.102406e-02	3.407126e-02	4.200000e-01	-2.842140e+03	-2.506468e+03	-3.356720e+02
208	2.248243e+00	5.108694e-02	3.407126e-02	4.300000e-01	-2.842069e+03	-2.506394e+03	-3.356747e+02
209	2.203858e+00	5.058014e-02	3.407126e-02	4.300000e-01	-2.842567e+03	-2.506914e+03	-3.356526e+02
210	2.215718e+00	5.071605e-02	3.407126e-02	4.200000e-01	-2.842451e+03	-2.506793e+03	-3.356586e+02
211	2.156870e+00	5.003803e-02	3.407126e-02	4.300000e-01	-2.842891e+03	-2.507262e+03	-3.356283e+02
212	2.093070e+00	5.003803e-02	3.458664e-02	4.300000e-01	-2.841543e+03	-2.507296e+03	-3.342464e+02
213	2.120592e+00	5.003803e-02	3.436146e-02	4.400000e-01	-2.842130e+03	-2.507282e+03	-3.348481e+02
214	2.141337e+00	5.028219e-02	3.436146e-02	4.400000e-01	-2.842011e+03	-2.507152e+03	-3.348592e+02
215	2.140974e+00	5.027793e-02	3.436146e-02	4.400000e-01	-2.842014e+03	-2.507155e+03	-3.348590e+02
216	2.134351e+00	5.027793e-02	3.441473e-02	4.300000e-01	-2.841874e+03	-2.507158e+03	-3.347163e+02
217	2.127474e+00	5.027793e-02	3.447031e-02	4.200000e-01	-2.841729e+03	-2.507162e+03	-3.345677e+02
218	2.087405e+00	4.980220e-02	3.447031e-02	4.100000e-01	-2.841917e+03	-2.507370e+03	-3.345461e+02
219	2.106235e+00	5.002633e-02	3.447031e-02	4.000000e-01	-2.841850e+03	-2.507294e+03	-3.345564e+02
220	2.126251e+00	5.002633e-02	3.430769e-02	3.900000e-01	-2.842275e+03	-2.507283e+03	-3.349918e+02
221	2.118967e+00	5.002633e-02	3.436660e-02	4.000000e-01	-2.842121e+03	-2.507287e+03	-3.348339e+02
222	2.126583e+00	5.011615e-02	3.436660e-02	4.000000e-01	-2.842083e+03	-2.507245e+03	-3.348379e+02
223	2.040328e+00	4.908927e-02	3.436660e-02	4.000000e-01	-2.842129e+03	-2.507339e+03	-3.347902e+02
224	2.074718e+00	4.908927e-02	3.408058e-02	4.100000e-01	-2.842878e+03	-2.507319e+03	-3.355589e+02
225	2.123450e+00	4.908927e-02	3.368725e-02	4.000000e-01	-2.843916e+03	-2.507292e+03	-3.366246e+02
226	2.122772e+00	4.908927e-02	3.369263e-02	4.000000e-01	-2.843902e+03	-2.507292e+03	-3.366099e+02
227	2.164773e+00	4.908927e-02	3.336418e-02	4.000000e-01	-2.844776e+03	-2.507269e+03	-3.375074e+02
228	2.252878e+00	4.908927e-02	3.270527e-02	4.000000e-01	-2.846551e+03	-2.507221e+03	-3.393293e+02
229	2.236298e+00	4.890830e-02	3.270527e-02	3.900000e-01	-2.846467e+03	-2.507147e+03	-3.393205e+02
230	2.236316e+00	4.890830e-02	3.270514e-02	4.000000e-01	-2.846468e+03	-2.507147e+03	-3.393209e+02
231	2.283856e+00	4.942542e-02	3.270514e-02	4.100000e-01	-2.846632e+03	-2.507287e+03	-3.393458e+02
232	2.272290e+00	4.930011e-02	3.270514e-02	4.000000e-01	-2.846613e+03	-2.507273e+03	-3.393398e+02
233	2.255979e+00	4.912285e-02	3.270514e-02	4.100000e-01	-2.846564e+03	-2.507232e+03	-3.393313e+02
234	2.298643e+00	4.912285e-02	3.240021e-02	4.200000e-01	-2.847394e+03	-2.507210e+03	-3.401843e+02
235	2.301826e+00	4.912285e-02	3.237780e-02	4.100000e-01	-2.847456e+03	-2.507208e+03	-3.402472e+02
236	2.276373e+00	4.912285e-02	3.255831e-02	4.100000e-01	-2.846963e+03	-2.507222e+03	-3.397413e+02
237	2.258213e+00	4.892652e-02	3.255831e-02	4.000000e-01	-2.846877e+03	-2.507145e+03	-3.397317e+02
238	2.345002e+00	4.985784e-02	3.255831e-02	3.900000e-01	-2.847000e+03	-2.507224e+03	-3.397760e+02
239	2.389440e+00	5.032802e-02	3.255831e-02	4.000000e-01	-2.846798e+03	-2.507001e+03	-3.397975e+02
240	2.282778e+00	4.919191e-02	3.255831e-02	3.900000e-01	-2.846985e+03	-2.507241e+03	-3.397446e+02
241	2.269566e+00	4.919191e-02	3.265294e-02	3.800000e-01	-2.846728e+03	-2.507248e+03	-3.394802e+02
242	2.283533e+00	4.934305e-02	3.265294e-02	3.900000e-01	-2.846763e+03	-2.507276e+03	-3.394875e+02
243	2.264936e+00	4.914171e-02	3.265294e-02	3.900000e-01	-2.846712e+03	-2.507234e+03	-3.394778e+02
244	2.299652e+00	4.951689e-02	3.265294e-02	3.900000e-01	-2.846780e+03	-2.507284e+03	-3.394957e+02
245	2.238844e+00	4.885783e-02	3.265294e-02	3.800000e-01	-2.846581e+03	-2.507117e+03	-3.394640e+02
246	2.178714e+00	4.819726e-02	3.265294e-02	3.900000e-01	-2.846001e+03	-2.506570e+03	-3.394310e+02
247	2.180648e+00	4.821865e-02	3.265294e-02	3.800000e-01	-2.846026e+03	-2.506594e+03	-3.394321e+02
248	2.270356e+00	4.920047e-02	3.265294e-02	3.800000e-01	-2.846730e+03	-2.507250e+03	-3.394806e+02
249	2.213162e+00	4.857680e-02	3.265294e-02	3.800000e-01	-2.846383e+03	-2.506932e+03	-3.394501e+02
250	2.305713e+00	4.857680e-02	3.199088e-02	3.900000e-01	-2.848195e+03	-2.506883e+03	-3.413123e+02
251	2.260790e+00	4.810125e-02	3.199088e-02	3.900000e-01	-2.847695e+03	-2.506407e+03	-3.412882e+02
252	2.329606e+00	4.810125e-02	3.151484e-02	4.000000e-01	-2.849016e+03	-2.506370e+03	-3.426458e+02
253	2.338547e+00	4.819347e-02	3.151484e-02	3.900000e-01	-2.849129e+03	-2.506479e+03	-3.426506e+02
254	2.362036e+00	4.843489e-02	3.151484e-02	4.000000e-01	-2.849389e+03	-2.506726e+03	-3.426629e+02
255	2.322015e+00	4.843489e-02	3.178527e-02	4.100000e-01	-2.848636e+03	-2.506747e+03	-3.418897e+02
256	2.470795e+00	4.843489e-02	3.081343e-02	4.100000e-01	-2.851363e+03	-2.506671e+03	-3.446923e+02
257	2.417520e+00	4.843489e-02	3.115109e-02	4.100000e-01	-2.850408e+03	-2.506697e+03	-3.437110e+02
258	2.503932e+00	4.843489e-02	3.060886e-02	4.100000e-01	-2.851945e+03	-2.506654e+03	-3.452908e+02
259	2.551829e+00	4.889595e-02	3.060886e-02	4.000000e-01	-2.852295e+03	-2.506981e+03	-3.453139e+02
260	2.454205e+00	4.795154e-02	3.060886e-02	4.100000e-01	-2.851370e+03	-2.506104e+03	-3.452659e+02
261	2.494721e+00	4.795154e-02	3.035928e-02	4.200000e-01	-2.852083e+03	-2.506083e+03	-3.460001e+02
262	2.477542e+00	4.778615e-02	3.035928e-02	4.300000e-01	-2.851835e+03	-2.505844e+03	-3.459914e+02
263	2.455073e+00	4.778615e-02	3.049789e-02	4.300000e-01	-2.851439e+03	-2.505856e+03	-3.455831e+02
264	2.506110e+00	4.778615e-02	3.018575e-02	4.300000e-01	-2.852334e+03	-2.505830e+03	-3.465046e+02
265	2.515436e+00	4.787499e-02	3.018575e-02	4.400000e-01	-2.852471e+03	-2.505961e+03	-3.465093e+02
266	2.495618e+00	4.787499e-02	3.030537e-02	4.300000e-01	-2.852127e+03	-2.505971e+03	-3.461553e+02
267	2.588250e+00	4.787499e-02	2.975812e-02	4.400000e-01	-2.853709e+03	-2.505925e+03	-3.477833e+02
268	2.602255e+00	4.800434e-02	2.975812e-02	4.500000e-01	-2.853894e+03	-2.506104e+03	-3.477901e+02
269	2.523410e+00	4.800434e-02	3.021945e-02	4.600000e-01	-2.852559e+03	-2.506142e+03	-3.464162e+02
270	2.489428e+00	4.768001e-02	3.021945e-02	4.700000e-01	-2.852064e+03	-2.505665e+03	-3.463991e+02
271	2.442530e+00	4.722876e-02	3.021945e-02	4.700000e-01	-2.851203e+03	-2.504828e+03	-3.463748e+02
272	2.417393e+00	4.722876e-02	3.037616e-02	4.700000e-01	-2.850753e+03	-2.504841e+03	-3.459117e+02
273	2.463896e+00	4.768086e-02	3.037616e-02	4.700000e-01	-2.851615e+03	-2.505679e+03	-3.459360e+02
274	2.479824e+00	4.783472e-02	3.037616e-02	4.800000e-01	-2.851863e+03	-2.505918e+03	-3.459442e+02
275	2.542617e+00	4.843656e-02	3.037616e-02	4.900000e-01	-2.852612e+03	-2.506637e+03	-3.459753e+02
276	2.533146e+00	4.843656e-02	3.043289e-02	4.900000e-01	-2.852450e+03	-2.506642e+03	-3.458081e+02
277	2.539875e+00	4.843656e-02	3.039255e-02	4.800000e-01	-2.852565e+03	-2.506638e+03	-3.459270e+02
278	2.505860e+00	4.811112e-02	3.039255e-02	4.900000e-01	-2.852202e+03	-2.506292e+03	-3.459103e+02
279	2.533355e+00	4.837435e-02	3.039255e-02	4.800000e-01	-2.852503e+03	-2.506580e+03	-3.459238e+02
280	2.492258e+00	4.798037e-02	3.039255e-02	4.700000e-01	-2.852028e+03	-2.506125e+03	-3.459035e+02
281	2.533900e+00	4.837955e-02	3.039255e-02	4.700000e-01	-2.852509e+03	-2.506585e+03	-3.459241e+02
282	2.563478e+00	4.866110e-02	3.039255e-02	4.600000e-01	-2.852759e+03	-2.506821e+03	-3.459383e+02
283	2.663960e+00	4.960563e-02	3.039255e-02	4.500000e-01	-2.853096e+03	-2.507111e+03	-3.459844e+02
284	2.731852e+00	5.023376e-02	3.039255e-02	4.600000e-01	-2.852915e+03	-2.506901e+03	-3.460137e+02
285	2.765945e+00	5.054625e-02	3.039255e-02	4.500000e-01	-2.852712e+03	-2.506684e+03	-3.460279e+02
286	2.706865e+00	5.000350e-02	3.039255e-02	4.400000e-01	-2.853017e+03	-2.507014e+03	-3.460031e+02
287	2.898293e+00	5.000350e-02	2.937171e-02	4.400000e-01	-2.855986e+03	-2.506935e+03	-3.490518e+02
288	2.706833e+00	4.832367e-02	2.937171e-02	4.300000e-01	-2.855414e+03	-2.506444e+03	-3.489697e+02
289	2.748572e+00	4.869482e-02	2.937171e-02	4.200000e-01	-2.855750e+03	-2.506761e+03	-3.489885e+02
290	2.858771e+00	4.869482e-02	2.880004e-02	4.100000e-01	-2.857443e+03	-2.506713e+03	-3.507296e+02
291	2.911940e+00	4.869482e-02	2.853590e-02	4.000000e-01	-2.858233e+03	-2.506690e+03	-3.515425e+02
292	2.984092e+00	4.869482e-02	2.818880e-02	4.100000e-01	-2.859279e+03	-2.506660e+03	-3.526188e+02
293	2.994520e+00	4.877983e-02	2.818880e-02	4.100000e-01	-2.859339e+03	-2.506716e+03	-3.526231e+02
294	3.086549e+00	4.877983e-02	2.776539e-02	4.200000e-01	-2.860628e+03	-2.506679e+03	-3.539487e+02
295	3.246421e+00	5.002719e-02	2.776539e-02	4.300000e-01	-2.860803e+03	-2.506794e+03	-3.540089e+02
296	3.255890e+00	5.010010e-02	2.776539e-02	4.300000e-01	-2.860775e+03	-2.506762e+03	-3.540123e+02
297	3.263411e+00	5.015793e-02	2.776539e-02	4.300000e-01	-2.860749e+03	-2.506734e+03	-3.540150e+02
298	3.347253e+00	5.079816e-02	2.776539e-02	4.200000e-01	-2.860298e+03	-2.506254e+03	-3.540440e+02
299	3.369781e+00	5.096882e-02	2.776539e-02	4.200000e-01	-2.860127e+03	-2.506075e+03	-3.540515e+02
300	3.265856e+00	5.017672e-02	2.776539e-02	4.100000e-01	-2.860740e+03	-2.506724e+03	-3.540159e+02
301	3.244669e+00	5.017672e-02	2.785589e-02	4.000000e-01	-2.860463e+03	-2.506732e+03	-3.537313e+02
302	3.024317e+00	5.017672e-02	2.885284e-02	4.100000e-01	-2.857452e+03	-2.506813e+03	-3.506392e+02
303	3.082576e+00	5.065770e-02	2.885284e-02	4.000000e-01	-2.857133e+03	-2.506472e+03	-3.506610e+02
304	3.116753e+00	5.093775e-02	2.885284e-02	4.100000e-01	-2.856869e+03	-2.506195e+03	-3.506734e+02
305	3.127692e+00	5.102707e-02	2.885284e-02	4.200000e-01	-2.856773e+03	-2.506095e+03	-3.506774e+02
306	3.185508e+00	5.149653e-02	2.885284e-02	4.100000e-01	-2.856177e+03	-2.505480e+03	-3.506977e+02
307	3.199398e+00	5.160867e-02	2.885284e-02	4.000000e-01	-2.856013e+03	-2.505311e+03	-3.507024e+02
308	3.210893e+00	5.160867e-02	2.880115e-02	4.100000e-01	-2.856168e+03	-2.505307e+03	-3.508609e+02
309	3.129227e+00	5.160867e-02	2.917455e-02	4.100000e-01	-2.855056e+03	-2.505335e+03	-3.497208e+02
310	3.126155e+00	5.160867e-02	2.918888e-02	4.000000e-01	-2.855013e+03	-2.505336e+03	-3.496772e+02
311	3.147810e+00	5.178712e-02	2.918888e-02	4.000000e-01	-2.854734e+03	-2.505050e+03	-3.496847e+02
312	3.361430e+00	5.178712e-02	2.824618e-02	3.900000e-01	-2.857561e+03	-2.504978e+03	-3.525825e+02
313	3.363367e+00	5.180204e-02	2.824618e-02	3.900000e-01	-2.857537e+03	-2.504953e+03	-3.525831e+02
314	3.401880e+00	5.209778e-02	2.824618e-02	3.800000e-01	-2.857027e+03	-2.504431e+03	-3.525954e+02
315	3.375375e+00	5.189443e-02	2.824618e-02	3.800000e-01	-2.857383e+03	-2.504796e+03	-3.525870e+02
316	3.398339e+00	5.207066e-02	2.824618e-02	3.700000e-01	-2.857076e+03	-2.504482e+03	-3.525943e+02
317	3.331515e+00	5.207066e-02	2.852806e-02	3.800000e-01	-2.856224e+03	-2.504503e+03	-3.517207e+02
318	3.233144e+00	5.207066e-02	2.895880e-02	3.900000e-01	-2.854933e+03	-2.504535e+03	-3.503976e+02
319	3.185421e+00	5.168493e-02	2.895880e-02	4.000000e-01	-2.855580e+03	-2.505199e+03	-3.503815e+02
320	3.159416e+00	5.168493e-02	2.907773e-02	3.900000e-01	-2.855226e+03	-2.505208e+03	-3.500186e+02
321	3.036110e+00	5.066631e-02	2.907773e-02	3.800000e-01	-2.856456e+03	-2.506482e+03	-3.499744e+02
322	2.976531e+00	5.016672e-02	2.907773e-02	3.900000e-01	-2.856788e+03	-2.506836e+03	-3.499517e+02
323	3.037658e+00	5.016672e-02	2.878368e-02	3.800000e-01	-2.857664e+03	-2.506813e+03	-3.508508e+02
324	3.116667e+00	5.081494e-02	2.878368e-02	3.800000e-01	-2.857198e+03	-2.506318e+03	-3.508801e+02
325	3.107121e+00	5.073706e-02	2.878368e-02	3.800000e-01	-2.857270e+03	-2.506394e+03	-3.508766e+02
326	3.096058e+00	5.064666e-02	2.878368e-02	3.900000e-01	-2.857349e+03	-2.506476e+03	-3.508726e+02
327	3.161206e+00	5.117675e-02	2.878368e-02	3.800000e-01	-2.856806e+03	-2.505910e+03	-3.508960e+02
328	3.092503e+00	5.061757e-02	2.878368e-02	3.700000e-01	-2.857373e+03	-2.506501e+03	-3.508713e+02
329	3.096162e+00	5.064751e-02	2.878368e-02	3.800000e-01	-2.857348e+03	-2.506475e+03	-3.508726e+02
330	3.125980e+00	5.089081e-02	2.878368e-02	3.800000e-01	-2.857124e+03	-2.506240e+03	-3.508834e+02
331	3.087521e+00	5.089081e-02	2.896239e-02	3.700000e-01	-2.856590e+03	-2.506254e+03	-3.503362e+02
332	3.101950e+00	5.089081e-02	2.889495e-02	3.600000e-01	-2.856791e+03	-2.506249e+03	-3.505424e+02
333	3.156657e+00	5.133761e-02	2.889495e-02	3.500000e-01	-2.856270e+03	-2.505708e+03	-3.505619e+02
334	3.093206e+00	5.081902e-02	2.889495e-02	3.400000e-01	-2.856862e+03	-2.506323e+03	-3.505393e+02
335	3.087348e+00	5.077088e-02	2.889495e-02	3.400000e-01	-2.856907e+03	-2.506370e+03	-3.505371e+02
336	3.150168e+00	5.077088e-02	2.860539e-02	3.400000e-01	-2.857774e+03	-2.506347e+03	-3.514264e+02
337	3.237985e+00	5.077088e-02	2.821482e-02	3.500000e-01	-2.858953e+03	-2.506316e+03	-3.526362e+02
338	3.037507e+00	5.077088e-02	2.913105e-02	3.400000e-01	-2.856205e+03	-2.506389e+03	-3.498167e+02
339	3.037620e+00	5.077183e-02	2.913105e-02	3.300000e-01	-2.856204e+03	-2.506388e+03	-3.498167e+02
340	2.908579e+00	4.968171e-02	2.913105e-02	3.400000e-01	-2.856769e+03	-2.507003e+03	-3.497667e+02
341	2.914466e+00	4.968171e-02	2.910161e-02	3.400000e-01	-2.856857e+03	-2.507000e+03	-3.498563e+02
342	2.884344e+00	4.968171e-02	2.925318e-02	3.300000e-01	-2.856408e+03	-2.507012e+03	-3.493957e+02
343	2.902437e+00	4.968171e-02	2.916185e-02	3.200000e-01	-2.856678e+03	-2.507005e+03	-3.496730e+02
344	2.955294e+00	4.968171e-02	2.889989e-02	3.100000e-01	-2.857456e+03	-2.506984e+03	-3.504720e+02
345	2.978068e+00	4.968171e-02	2.878917e-02	3.100000e-01	-2.857786e+03	-2.506975e+03	-3.508112e+02
346	2.908388e+00	4.968171e-02	2.913200e-02	3.000000e-01	-2.856766e+03	-2.507003e+03	-3.497638e+02
347	2.855672e+00	4.922940e-02	2.913200e-02	3.100000e-01	-2.856726e+03	-2.506984e+03	-3.497420e+02
348	2.902930e+00	4.922940e-02	2.889390e-02	3.000000e-01	-2.857433e+03	-2.506965e+03	-3.504685e+02
349	3.059039e+00	4.922940e-02	2.814699e-02	3.000000e-01	-2.859677e+03	-2.506902e+03	-3.527756e+02
350	3.058655e+00	4.922630e-02	2.814699e-02	3.100000e-01	-2.859677e+03	-2.506901e+03	-3.527755e+02
351	2.970115e+00	4.922630e-02	2.856345e-02	3.000000e-01	-2.858420e+03	-2.506936e+03	-3.514838e+02
352	2.864259e+00	4.834112e-02	2.856345e-02	2.900000e-01	-2.857832e+03	-2.506393e+03	-3.514395e+02
353	2.865965e+00	4.835552e-02	2.856345e-02	2.800000e-01	-2.857847e+03	-2.506407e+03	-3.514402e+02
354	2.896859e+00	4.835552e-02	2.841073e-02	2.800000e-01	-2.858306e+03	-2.506394e+03	-3.519123e+02
355	2.908418e+00	4.845189e-02	2.841073e-02	2.800000e-01	-2.858403e+03	-2.506486e+03	-3.519173e+02
356	2.977909e+00	4.902730e-02	2.841073e-02	2.900000e-01	-2.858807e+03	-2.506861e+03	-3.519462e+02
357	3.126141e+00	4.902730e-02	2.772897e-02	2.900000e-01	-2.860877e+03	-2.506802e+03	-3.540757e+02
358	3.192485e+00	4.902730e-02	2.743933e-02	2.900000e-01	-2.861768e+03	-2.506776e+03	-3.549913e+02
359	3.249941e+00	4.946651e-02	2.743933e-02	3.000000e-01	-2.861885e+03	-2.506873e+03	-3.550127e+02
360	3.349936e+00	4.946651e-02	2.702670e-02	3.000000e-01	-2.863165e+03	-2.506836e+03	-3.563286e+02
361	3.437615e+00	5.010968e-02	2.702670e-02	3.100000e-01	-2.863054e+03	-2.506695e+03	-3.563590e+02
362	3.474362e+00	5.037680e-02	2.702670e-02	3.200000e-01	-2.862913e+03	-2.506542e+03	-3.563712e+02
363	3.372655e+00	4.963397e-02	2.702670e-02	3.100000e-01	-2.863168e+03	-2.506831e+03	-3.563366e+02
364	3.343058e+00	4.963397e-02	2.714608e-02	3.000000e-01	-2.862796e+03	-2.506842e+03	-3.559546e+02
365	3.290327e+00	4.924097e-02	2.714608e-02	2.900000e-01	-2.862753e+03	-2.506818e+03	-3.559356e+02
366	3.309665e+00	4.924097e-02	2.706665e-02	3.000000e-01	-2.863000e+03	-2.506810e+03	-3.561897e+02
367	3.250034e+00	4.924097e-02	2.731384e-02	2.900000e-01	-2.862233e+03	-2.506832e+03	-3.554006e+02
368	3.166076e+00	4.860079e-02	2.731384e-02	3.000000e-01	-2.861883e+03	-2.506514e+03	-3.553688e+02
369	3.154944e+00	4.851528e-02	2.731384e-02	3.000000e-01	-2.861808e+03	-2.506444e+03	-3.553644e+02
370	3.123790e+00	4.851528e-02	2.744970e-02	3.000000e-01	-2.861389e+03	-2.506456e+03	-3.549327e+02
371	3.109058e+00	4.851528e-02	2.751466e-02	3.100000e-01	-2.861189e+03	-2.506462e+03	-3.547269e+02
372	3.063106e+00	4.815541e-02	2.751466e-02	3.000000e-01	-2.860804e+03	-2.506096e+03	-3.547083e+02
373	3.142889e+00	4.877852e-02	2.751466e-02	2.900000e-01	-2.861396e+03	-2.506656e+03	-3.547402e+02
374	3.111151e+00	4.853161e-02	2.751466e-02	3.000000e-01	-2.861204e+03	-2.506476e+03	-3.547277e+02
375	3.222255e+00	4.853161e-02	2.703614e-02	3.100000e-01	-2.862685e+03	-2.506433e+03	-3.562521e+02
376	3.274277e+00	4.892180e-02	2.703614e-02	3.200000e-01	-2.862965e+03	-2.506693e+03	-3.562717e+02
377	3.311823e+00	4.892180e-02	2.688245e-02	3.300000e-01	-2.863444e+03	-2.506679e+03	-3.567652e+02
378	3.287489e+00	4.874174e-02	2.688245e-02	3.200000e-01	-2.863332e+03	-2.506575e+03	-3.567562e+02
379	3.362539e+00	4.874174e-02	2.658076e-02	3.100000e-01	-2.864278e+03	-2.506548e+03	-3.577302e+02
380	3.418875e+00	4.914836e-02	2.658076e-02	3.200000e-01	-2.864493e+03	-2.506742e+03	-3.577504e+02
381	3.385561e+00	4.890832e-02	2.658076e-02	3.200000e-01	-2.864383e+03	-2.506645e+03	-3.577386e+02
382	3.423589e+00	4.890832e-02	2.643272e-02	3.100000e-01	-2.864850e+03	-2.506631e+03	-3.582192e+02
383	3.479401e+00	4.930536e-02	2.643272e-02	3.100000e-01	-2.865005e+03	-2.506766e+03	-3.582387e+02
384	3.428650e+00	4.930536e-02	2.662764e-02	3.200000e-01	-2.864390e+03	-2.506784e+03	-3.576063e+02
385	3.500072e+00	4.930536e-02	2.635456e-02	3.100000e-01	-2.865253e+03	-2.506759e+03	-3.584932e+02
386	3.530380e+00	4.930536e-02	2.624119e-02	3.000000e-01	-2.865612e+03	-2.506749e+03	-3.588632e+02
387	3.557384e+00	4.930536e-02	2.614140e-02	3.000000e-01	-2.865930e+03	-2.506740e+03	-3.591897e+02
388	3.509113e+00	4.896971e-02	2.614140e-02	2.900000e-01	-2.865807e+03	-2.506634e+03	-3.591732e+02
389	3.555497e+00	4.929229e-02	2.614140e-02	2.900000e-01	-2.865927e+03	-2.506738e+03	-3.591890e+02
390	3.585021e+00	4.929229e-02	2.603354e-02	2.900000e-01	-2.866271e+03	-2.506728e+03	-3.595428e+02
391	3.489870e+00	4.863376e-02	2.603354e-02	2.900000e-01	-2.865931e+03	-2.506421e+03	-3.595102e+02
392	3.754454e+00	4.863376e-02	2.509946e-02	3.000000e-01	-2.868944e+03	-2.506331e+03	-3.626134e+02
393	3.789144e+00	4.885792e-02	2.509946e-02	3.000000e-01	-2.869103e+03	-2.506478e+03	-3.626246e+02
394	3.755727e+00	4.864200e-02	2.509946e-02	2.900000e-01	-2.868951e+03	-2.506337e+03	-3.626138e+02
395	3.587245e+00	4.753844e-02	2.509946e-02	2.900000e-01	-2.867503e+03	-2.504947e+03	-3.625561e+02
396	3.646485e+00	4.753844e-02	2.489475e-02	2.800000e-01	-2.868172e+03	-2.504926e+03	-3.632457e+02
397	3.832363e+00	4.873501e-02	2.489475e-02	2.900000e-01	-2.869691e+03	-2.506383e+03	-3.633080e+02
398	4.034887e+00	4.873501e-02	2.426193e-02	2.900000e-01	-2.871781e+03	-2.506320e+03	-3.654607e+02
399	4.014322e+00	4.873501e-02	2.432400e-02	2.900000e-01	-2.871575e+03	-2.506326e+03	-3.652481e+02
400	4.242407e+00	4.873501e-02	2.366110e-02	2.900000e-01	-2.873793e+03	-2.506259e+03	-3.675343e+02
401	4.234070e+00	4.873501e-02	2.368438e-02	2.800000e-01	-2.873715e+03	-2.506262e+03	-3.674534e+02
402	4.268366e+00	4.873501e-02	2.358904e-02	2.800000e-01	-2.874037e+03	-2.506252e+03	-3.677849e+02
403	4.260839e+00	4.869202e-02	2.358904e-02	2.900000e-01	-2.874005e+03	-2.506222e+03	-3.677828e+02
404	4.455154e+00	4.869202e-02	2.306888e-02	2.800000e-01	-2.875772e+03	-2.506168e+03	-3.696040e+02
405	4.592810e+00	4.869202e-02	2.272053e-02	2.800000e-01	-2.876966e+03	-2.506131e+03	-3.708354e+02
406	4.542816e+00	4.869202e-02	2.284521e-02	2.700000e-01	-2.876538e+03	-2.506144e+03	-3.703936e+02
407	4.540256e+00	4.867830e-02	2.284521e-02	2.800000e-01	-2.876527e+03	-2.506134e+03	-3.703929e+02
408	4.825986e+00	4.867830e-02	2.215860e-02	2.700000e-01	-2.878901e+03	-2.506061e+03	-3.728407e+02
409	4.873618e+00	4.891793e-02	2.215860e-02	2.800000e-01	-2.879063e+03	-2.506210e+03	-3.728525e+02
410	5.137881e+00	4.891793e-02	2.158122e-02	2.700000e-01	-2.881085e+03	-2.506148e+03	-3.749378e+02
411	5.449557e+00	4.891793e-02	2.095499e-02	2.600000e-01	-2.883304e+03	-2.506078e+03	-3.772259e+02
412	5.430783e+00	4.883360e-02	2.095499e-02	2.600000e-01	-2.883252e+03	-2.506030e+03	-3.772218e+02
413	5.485811e+00	4.908038e-02	2.095499e-02	2.600000e-01	-2.883386e+03	-2.506152e+03	-3.772337e+02
414	5.652103e+00	4.908038e-02	2.064443e-02	2.600000e-01	-2.884495e+03	-2.506117e+03	-3.783780e+02
415	5.872994e+00	4.908038e-02	2.025248e-02	2.700000e-01	-2.885903e+03	-2.506073e+03	-3.798305e+02
416	6.077149e+00	4.908038e-02	1.990939e-02	2.700000e-01	-2.887142e+03	-2.506033e+03	-3.811092e+02
417	6.043514e+00	4.894437e-02	1.990939e-02	2.600000e-01	-2.887074e+03	-2.505972e+03	-3.811027e+02
418	5.956777e+00	4.894437e-02	2.005382e-02	2.700000e-01	-2.886552e+03	-2.505989e+03	-3.805637e+02
419	6.053273e+00	4.933921e-02	2.005382e-02	2.800000e-01	-2.886705e+03	-2.506123e+03	-3.805822e+02
420	6.136945e+00	4.933921e-02	1.991664e-02	2.700000e-01	-2.887201e+03	-2.506107e+03	-3.810942e+02
421	6.087526e+00	4.914015e-02	1.991664e-02	2.800000e-01	-2.887141e+03	-2.506056e+03	-3.810849e+02
422	6.004420e+00	4.914015e-02	2.005400e-02	2.800000e-01	-2.886644e+03	-2.506072e+03	-3.805723e+02
423	6.257307e+00	4.914015e-02	1.964458e-02	2.800000e-01	-2.888127e+03	-2.506024e+03	-3.821031e+02
424	6.094657e+00	4.849728e-02	1.964458e-02	2.700000e-01	-2.887697e+03	-2.505625e+03	-3.820724e+02
425	6.221642e+00	4.899991e-02	1.964458e-02	2.800000e-01	-2.888064e+03	-2.505968e+03	-3.820965e+02
426	6.237538e+00	4.899991e-02	1.961953e-02	2.800000e-01	-2.888155e+03	-2.505965e+03	-3.821905e+02
427	6.699435e+00	4.899991e-02	1.893111e-02	2.700000e-01	-2.890665e+03	-2.505883e+03	-3.847825e+02
428	6.651098e+00	4.882282e-02	1.893111e-02	2.700000e-01	-2.890561e+03	-2.505786e+03	-3.847742e+02
429	6.870506e+00	4.962157e-02	1.893111e-02	2.800000e-01	-2.890821e+03	-2.506010e+03	-3.848110e+02
430	6.924332e+00	4.981557e-02	1.893111e-02	2.700000e-01	-2.890804e+03	-2.505984e+03	-3.848196e+02
431	6.732923e+00	4.912222e-02	1.893111e-02	2.700000e-01	-2.890721e+03	-2.505933e+03	-3.847882e+02
432	7.273283e+00	4.912222e-02	1.821431e-02	2.800000e-01	-2.893349e+03	-2.505846e+03	-3.875037e+02
433	6.987338e+00	4.912222e-02	1.858327e-02	2.800000e-01	-2.891995e+03	-2.505891e+03	-3.861044e+02
434	6.834494e+00	4.858199e-02	1.858327e-02	2.800000e-01	-2.891647e+03	-2.505568e+03	-3.860790e+02
435	6.690867e+00	4.806880e-02	1.858327e-02	2.800000e-01	-2.891073e+03	-2.505019e+03	-3.860541e+02
436	6.651896e+00	4.792861e-02	1.858327e-02	2.700000e-01	-2.890873e+03	-2.504826e+03	-3.860471e+02
437	6.763978e+00	4.833071e-02	1.858327e-02	2.600000e-01	-2.891397e+03	-2.505330e+03	-3.860669e+02
438	6.466920e+00	4.833071e-02	1.900529e-02	2.500000e-01	-2.889853e+03	-2.505383e+03	-3.844704e+02
439	6.589961e+00	4.878832e-02	1.900529e-02	2.400000e-01	-2.890266e+03	-2.505774e+03	-3.844924e+02
440	6.255442e+00	4.878832e-02	1.950684e-02	2.400000e-01	-2.888437e+03	-2.505834e+03	-3.826034e+02
441	6.463678e+00	4.878832e-02	1.919005e-02	2.400000e-01	-2.889591e+03	-2.505796e+03	-3.837954e+02
442	6.815391e+00	4.878832e-02	1.868833e-02	2.300000e-01	-2.891426e+03	-2.505735e+03	-3.856909e+02
443	6.782697e+00	4.867116e-02	1.868833e-02	2.200000e-01	-2.891338e+03	-2.505652e+03	-3.856854e+02
444	7.017878e+00	4.867116e-02	1.837252e-02	2.100000e-01	-2.892495e+03	-2.505613e+03	-3.868823e+02
445	7.288115e+00	4.867116e-02	1.802869e-02	2.000000e-01	-2.893757e+03	-2.505569e+03	-3.881875e+02
446	7.151451e+00	4.821267e-02	1.802869e-02	2.100000e-01	-2.893292e+03	-2.505126e+03	-3.881656e+02
447	7.229845e+00	4.847620e-02	1.802869e-02	2.000000e-01	-2.893583e+03	-2.505404e+03	-3.881783e+02
448	7.133235e+00	4.815123e-02	1.802869e-02	1.900000e-01	-2.893215e+03	-2.505052e+03	-3.881626e+02
449	7.321355e+00	4.815123e-02	1.779556e-02	1.900000e-01	-2.894070e+03	-2.505022e+03	-3.890483e+02
450	7.329078e+00	4.817661e-02	1.779556e-02	1.900000e-01	-2.894102e+03	-2.505053e+03	-3.890496e+02
451	7.373639e+00	4.817661e-02	1.774170e-02	1.800000e-01	-2.894300e+03	-2.505046e+03	-3.892542e+02
452	8.001788e+00	4.817661e-02	1.703110e-02	1.900000e-01	-2.896902e+03	-2.504951e+03	-3.919516e+02
453	8.225208e+00	4.884456e-02	1.703110e-02	1.800000e-01	-2.897542e+03	-2.505559e+03	-3.919829e+02
454	8.677705e+00	4.884456e-02	1.658112e-02	1.800000e-01	-2.899183e+03	-2.505500e+03	-3.936835e+02
455	8.656532e+00	4.878494e-02	1.658112e-02	1.700000e-01	-2.899142e+03	-2.505462e+03	-3.936808e+02
456	8.719898e+00	4.896316e-02	1.658112e-02	1.700000e-01	-2.899255e+03	-2.505567e+03	-3.936889e+02
457	8.901684e+00	4.896316e-02	1.641094e-02	1.800000e-01	-2.899873e+03	-2.505544e+03	-3.943294e+02
458	8.774980e+00	4.896316e-02	1.652899e-02	1.700000e-01	-2.899445e+03	-2.505560e+03	-3.938852e+02
459	9.813918e+00	4.896316e-02	1.562961e-02	1.700000e-01	-2.902678e+03	-2.505437e+03	-3.972406e+02
460	9.835681e+00	4.896316e-02	1.561231e-02	1.800000e-01	-2.902739e+03	-2.505435e+03	-3.973044e+02
461	1.014735e+01	4.896316e-02	1.537068e-02	1.700000e-01	-2.903592e+03	-2.505401e+03	-3.981908e+02
462	1.018160e+01	4.896316e-02	1.534480e-02	1.700000e-01	-2.903683e+03	-2.505397e+03	-3.982853e+02
463	1.041571e+01	4.952287e-02	1.534480e-02	1.800000e-01	-2.903865e+03	-2.505555e+03	-3.983095e+02
464	1.055493e+01	4.985274e-02	1.534480e-02	1.900000e-01	-2.903851e+03	-2.505528e+03	-3.983234e+02
465	1.017392e+01	4.894468e-02	1.534480e-02	2.000000e-01	-2.903672e+03	-2.505388e+03	-3.982845e+02
466	9.961433e+00	4.843087e-02	1.534480e-02	1.900000e-01	-2.903257e+03	-2.504996e+03	-3.982614e+02
467	1.017859e+01	4.895592e-02	1.534480e-02	1.800000e-01	-2.903679e+03	-2.505394e+03	-3.982850e+02
468	1.017471e+01	4.895592e-02	1.534773e-02	1.800000e-01	-2.903668e+03	-2.505394e+03	-3.982743e+02
469	1.037275e+01	4.895592e-02	1.520051e-02	1.800000e-01	-2.904183e+03	-2.505373e+03	-3.988098e+02
470	1.160874e+01	4.895592e-02	1.436854e-02	1.900000e-01	-2.907013e+03	-2.505253e+03	-4.017605e+02
471	1.164737e+01	4.903731e-02	1.436854e-02	2.000000e-01	-2.907057e+03	-2.505293e+03	-4.017640e+02
472	1.223891e+01	4.903731e-02	1.401701e-02	1.900000e-01	-2.908202e+03	-2.505241e+03	-4.029610e+02
473	1.176767e+01	4.808399e-02	1.401701e-02	1.800000e-01	-2.907313e+03	-2.504394e+03	-4.029186e+02
474	1.218270e+01	4.892457e-02	1.401701e-02	1.900000e-01	-2.908139e+03	-2.505183e+03	-4.029561e+02
475	1.227037e+01	4.910030e-02	1.401701e-02	1.800000e-01	-2.908232e+03	-2.505268e+03	-4.029637e+02
476	1.242735e+01	4.941336e-02	1.401701e-02	1.900000e-01	-2.908332e+03	-2.505355e+03	-4.029770e+02
477	1.223258e+01	4.902462e-02	1.401701e-02	2.000000e-01	-2.908195e+03	-2.505235e+03	-4.029604e+02
478	1.283943e+01	4.902462e-02	1.368174e-02	1.900000e-01	-2.909250e+03	-2.505184e+03	-4.040661e+02
479	1.268700e+01	4.873275e-02	1.368174e-02	1.800000e-01	-2.909061e+03	-2.505007e+03	-4.040534e+02
480	1.284835e+01	4.873275e-02	1.359556e-02	1.700000e-01	-2.909325e+03	-2.504994e+03	-4.043312e+02
481	1.316201e+01	4.932400e-02	1.359556e-02	1.600000e-01	-2.909632e+03	-2.505275e+03	-4.043565e+02
482	1.530181e+01	4.932400e-02	1.260918e-02	1.600000e-01	-2.912416e+03	-2.505119e+03	-4.072969e+02
483	1.790494e+01	4.932400e-02	1.165660e-02	1.500000e-01	-2.914510e+03	-2.504955e+03	-4.095543e+02
484	1.795945e+01	4.939903e-02	1.165660e-02	1.500000e-01	-2.914528e+03	-2.504971e+03	-4.095575e+02
485	1.932772e+01	4.939903e-02	1.123642e-02	1.500000e-01	-2.915185e+03	-2.504893e+03	-4.102920e+02
486	1.961015e+01	4.975864e-02	1.123642e-02	1.400000e-01	-2.915211e+03	-2.504904e+03	-4.103073e+02
487	1.911485e+01	4.912624e-02	1.123642e-02	1.300000e-01	-2.915094e+03	-2.504814e+03	-4.102801e+02
488	1.947527e+01	4.912624e-02	1.113196e-02	1.200000e-01	-2.915225e+03	-2.504794e+03	-4.104317e+02
489	1.999956e+01	4.978310e-02	1.113196e-02	1.100000e-01	-2.915341e+03	-2.504881e+03	-4.104599e+02
490	2.021264e+01	4.978310e-02	1.107313e-02	1.100000e-01	-2.915410e+03	-2.504870e+03	-4.105394e+02
491	2.101266e+01	4.978310e-02	1.086029e-02	1.000000e-01	-2.915618e+03	-2.504829e+03	-4.107888e+02
492	2.018053e+01	4.878741e-02	1.086029e-02	1.000000e-01	-2.915297e+03	-2.504552e+03	-4.107450e+02
493	2.004164e+01	4.861924e-02	1.086029e-02	1.000000e-01	-2.915159e+03	-2.504421e+03	-4.107374e+02
494	2.034316e+01	4.898360e-02	1.086029e-02	1.100000e-01	-2.915427e+03	-2.504673e+03	-4.107538e+02
495	2.037021e+01	4.901615e-02	1.086029e-02	1.200000e-01	-2.915445e+03	-2.504690e+03	-4.107552e+02
496	1.865050e+01	4.901615e-02	1.134995e-02	1.200000e-01	-2.914881e+03	-2.504786e+03	-4.100960e+02
497	1.874450e+01	4.901615e-02	1.132146e-02	1.200000e-01	-2.914923e+03	-2.504780e+03	-4.101424e+02
498	1.869623e+01	4.895301e-02	1.132146e-02	1.300000e-01	-2.914886e+03	-2.504747e+03	-4.101396e+02
499	1.860171e+01	4.895301e-02	1.135018e-02	1.400000e-01	-2.914845e+03	-2.504752e+03	-4.100928e+02
500	2.036223e+01	4.895301e-02	1.084842e-02	1.400000e-01	-2.915419e+03	-2.504654e+03	-4.107645e+02
501	2.102949e+01	4.895301e-02	1.067493e-02	1.300000e-01	-2.915536e+03	-2.504619e+03	-4.109171e+02
502	1.951625e+01	4.895301e-02	1.108106e-02	1.400000e-01	-2.915193e+03	-2.504700e+03	-4.104930e+02
503	1.952717e+01	4.896670e-02	1.108106e-02	1.300000e-01	-2.915202e+03	-2.504708e+03	-4.104936e+02
504	1.910195e+01	4.896670e-02	1.120371e-02	1.300000e-01	-2.915054e+03	-2.504732e+03	-4.103220e+02
505	1.902608e+01	4.886935e-02	1.120371e-02	1.300000e-01	-2.914992e+03	-2.504675e+03	-4.103177e+02
506	2.068811e+01	4.886935e-02	1.074425e-02	1.200000e-01	-2.915441e+03	-2.504583e+03	-4.108577e+02
507	2.102915e+01	4.927051e-02	1.074425e-02	1.300000e-01	-2.915643e+03	-2.504767e+03	-4.108757e+02
508	2.260156e+01	4.927051e-02	1.036377e-02	1.400000e-01	-2.915773e+03	-2.504688e+03	-4.110857e+02
509	2.217279e+01	4.927051e-02	1.046350e-02	1.500000e-01	-2.915763e+03	-2.504709e+03	-4.110540e+02
510	2.342348e+01	5.064104e-02	1.046350e-02	1.400000e-01	-2.915464e+03	-2.504350e+03	-4.111138e+02
511	2.197151e+01	4.904637e-02	1.046350e-02	1.500000e-01	-2.915667e+03	-2.504623e+03	-4.110438e+02
512	2.136133e+01	4.836052e-02	1.046350e-02	1.400000e-01	-2.915099e+03	-2.504087e+03	-4.110121e+02
513	2.206094e+01	4.914607e-02	1.046350e-02	1.300000e-01	-2.915715e+03	-2.504666e+03	-4.110483e+02
514	2.128405e+01	4.914607e-02	1.065275e-02	1.400000e-01	-2.915648e+03	-2.504706e+03	-4.109420e+02
515	1.947997e+01	4.914607e-02	1.113511e-02	1.300000e-01	-2.915231e+03	-2.504802e+03	-4.104281e+02
516	2.052481e+01	4.914607e-02	1.084799e-02	1.200000e-01	-2.915519e+03	-2.504746e+03	-4.107735e+02
517	1.999009e+01	4.914607e-02	1.099212e-02	1.100000e-01	-2.915388e+03	-2.504774e+03	-4.106139e+02
518	1.939551e+01	4.840966e-02	1.099212e-02	1.100000e-01	-2.914831e+03	-2.504250e+03	-4.105809e+02
519	1.924561e+01	4.840966e-02	1.103484e-02	1.100000e-01	-2.914786e+03	-2.504258e+03	-4.105282e+02
520	1.984549e+01	4.915833e-02	1.103484e-02	1.000000e-01	-2.915349e+03	-2.504788e+03	-4.105617e+02
521	2.011777e+01	4.949440e-02	1.103484e-02	1.000000e+00	-2.915444e+03	-2.504868e+03	-4.105763e+02
522	2.142632e+01	4.949440e-02	1.069258e-02	1.000000e+00	-2.915728e+03	-2.504800e+03	-4.109277e+02
523	2.383901e+01	4.949440e-02	1.013706e-02	1.000000e-01	-2.915782e+03	-2.504682e+03	-4.111001e+02
524	2.427820e+01	4.994825e-02	1.013706e-02	1.100000e-01	-2.915767e+03	-2.504646e+03	-4.111207e+02
525	2.508504e+01	4.994825e-02	9.972703e-03	1.100000e-01	-2.915669e+03	-2.504609e+03	-4.110603e+02
526	2.452055e+01	4.938306e-02	9.972703e-03	1.100000e-01	-2.915662e+03	-2.504628e+03	-4.110342e+02
527	2.455058e+01	4.941329e-02	9.972703e-03	1.200000e-01	-2.915669e+03	-2.504633e+03	-4.110356e+02
528	2.171303e+01	4.941329e-02	1.060434e-02	1.100000e-01	-2.915758e+03	-2.504771e+03	-4.109867e+02
529	2.191813e+01	4.964612e-02	1.060434e-02	1.000000e-01	-2.915785e+03	-2.504788e+03	-4.109969e+02
530	2.164868e+01	4.934002e-02	1.060434e-02	1.000000e+00	-2.915740e+03	-2.504756e+03	-4.109834e+02
531	2.390683e+01	4.934002e-02	1.009110e-02	9.900000e-01	-2.915727e+03	-2.504646e+03	-4.110816e+02
532	2.358782e+01	4.900972e-02	1.009110e-02	9.900000e-01	-2.915589e+03	-2.504523e+03	-4.110663e+02
533	2.390036e+01	4.933334e-02	1.009110e-02	1.000000e+00	-2.915725e+03	-2.504644e+03	-4.110813e+02
534	2.631414e+01	4.933334e-02	9.617139e-03	9.900000e-01	-2.915224e+03	-2.504532e+03	-4.106927e+02
535	2.634721e+01	4.936432e-02	9.617139e-03	9.900000e-01	-2.915233e+03	-2.504539e+03	-4.106942e+02
536	2.440501e+01	4.936432e-02	9.992490e-03	9.800000e-01	-2.915672e+03	-2.504628e+03	-4.110436e+02
537	2.546272e+01	4.936432e-02	9.782746e-03	9.700000e-01	-2.915469e+03	-2.504579e+03	-4.108895e+02
538	2.540231e+01	4.930573e-02	9.782746e-03	9.600000e-01	-2.915452e+03	-2.504565e+03	-4.108868e+02
539	2.387150e+01	4.930573e-02	1.009154e-02	9.500000e-01	-2.915717e+03	-2.504637e+03	-4.110802e+02
540	2.373080e+01	4.916021e-02	1.009154e-02	9.600000e-01	-2.915664e+03	-2.504590e+03	-4.110734e+02
541	2.406670e+01	4.950692e-02	1.009154e-02	9.700000e-01	-2.915762e+03	-2.504673e+03	-4.110895e+02
542	2.360085e+01	4.902543e-02	1.009154e-02	9.600000e-01	-2.915598e+03	-2.504531e+03	-4.110671e+02
543	2.537667e+01	4.902543e-02	9.732044e-03	9.600000e-01	-2.915266e+03	-2.504446e+03	-4.108206e+02
544	2.245607e+01	4.902543e-02	1.034557e-02	9.700000e-01	-2.915666e+03	-2.504587e+03	-4.110784e+02
545	2.468430e+01	4.902543e-02	9.867588e-03	9.600000e-01	-2.915426e+03	-2.504479e+03	-4.109478e+02
546	2.425776e+01	4.860001e-02	9.867588e-03	9.700000e-01	-2.915114e+03	-2.504186e+03	-4.109273e+02
547	2.464766e+01	4.860001e-02	9.789231e-03	9.600000e-01	-2.915026e+03	-2.504167e+03	-4.108589e+02
548	2.335086e+01	4.860001e-02	1.005738e-02	9.600000e-01	-2.915267e+03	-2.504231e+03	-4.110357e+02
549	2.426903e+01	4.860001e-02	9.865298e-03	9.600000e-01	-2.915111e+03	-2.504186e+03	-4.109255e+02
550	2.394900e+01	4.860001e-02	9.930993e-03	9.600000e-01	-2.915174e+03	-2.504201e+03	-4.109723e+02
551	2.391661e+01	4.856714e-02	9.930993e-03	9.700000e-01	-2.915143e+03	-2.504172e+03	-4.109707e+02
552	2.230764e+01	4.856714e-02	1.028290e-02	9.800000e-01	-2.915319e+03	-2.504253e+03	-4.110657e+02
553	2.267207e+01	4.856714e-02	1.019992e-02	9.800000e-01	-2.915300e+03	-2.504234e+03	-4.110657e+02
554	2.215537e+01	4.801052e-02	1.019992e-02	9.800000e-01	-2.914628e+03	-2.503589e+03	-4.110389e+02
555	2.281779e+01	4.872296e-02	1.019992e-02	9.800000e-01	-2.915437e+03	-2.504364e+03	-4.110730e+02
556	1.967044e+01	4.872296e-02	1.098567e-02	9.900000e-01	-2.915133e+03	-2.504530e+03	-4.106028e+02
557	1.872377e+01	4.872296e-02	1.125996e-02	1.000000e+00	-2.914811e+03	-2.504584e+03	-4.102264e+02
558	1.659936e+01	4.872296e-02	1.195881e-02	9.900000e-01	-2.913605e+03	-2.504714e+03	-4.088914e+02
559	1.670917e+01	4.888384e-02	1.195881e-02	9.900000e-01	-2.913722e+03	-2.504823e+03	-4.088984e+02
560	1.755600e+01	4.888384e-02	1.166682e-02	9.800000e-01	-2.914286e+03	-2.504771e+03	-4.095152e+02
561	1.801794e+01	4.952280e-02	1.166682e-02	9.900000e-01	-2.914530e+03	-2.504988e+03	-4.095426e+02
562	1.818347e+01	4.974976e-02	1.166682e-02	9.800000e-01	-2.914536e+03	-2.504983e+03	-4.095521e+02
563	1.785482e+01	4.929812e-02	1.166682e-02	9.900000e-01	-2.914484e+03	-2.504951e+03	-4.095330e+02
564	1.785326e+01	4.929597e-02	1.166682e-02	9.800000e-01	-2.914483e+03	-2.504950e+03	-4.095329e+02
565	1.834778e+01	4.997404e-02	1.166682e-02	9.700000e-01	-2.914500e+03	-2.504939e+03	-4.095613e+02
566	1.831696e+01	4.993204e-02	1.166682e-02	9.700000e-01	-2.914510e+03	-2.504950e+03	-4.095596e+02
567	1.897774e+01	4.993204e-02	1.146191e-02	9.700000e-01	-2.914857e+03	-2.504913e+03	-4.099438e+02
568	1.882743e+01	4.973390e-02	1.146191e-02	9.800000e-01	-2.914884e+03	-2.504948e+03	-4.099356e+02
569	1.907242e+01	5.005643e-02	1.146191e-02	9.700000e-01	-2.914825e+03	-2.504876e+03	-4.099490e+02
570	2.037845e+01	5.005643e-02	1.108854e-02	9.800000e-01	-2.915337e+03	-2.504807e+03	-4.105305e+02
571	2.019952e+01	5.005643e-02	1.113754e-02	9.900000e-01	-2.915280e+03	-2.504816e+03	-4.104637e+02
572	2.013143e+01	4.997200e-02	1.113754e-02	1.000000e+00	-2.915303e+03	-2.504843e+03	-4.104601e+02
573	2.025409e+01	5.012400e-02	1.113754e-02	1.000000e-01	-2.915257e+03	-2.504791e+03	-4.104665e+02
574	2.014855e+01	5.012400e-02	1.116667e-02	1.100000e-01	-2.915221e+03	-2.504796e+03	-4.104253e+02
575	2.073481e+01	5.012400e-02	1.100768e-02	1.000000e-01	-2.915403e+03	-2.504766e+03	-4.106369e+02
576	2.183488e+01	5.012400e-02	1.072680e-02	1.000000e-01	-2.915639e+03	-2.504711e+03	-4.109274e+02
577	2.116187e+01	4.934547e-02	1.072680e-02	1.100000e-01	-2.915677e+03	-2.504783e+03	-4.108937e+02
578	2.271317e+01	4.934547e-02	1.035401e-02	1.200000e-01	-2.915796e+03	-2.504705e+03	-4.110912e+02
579	2.240357e+01	4.900800e-02	1.035401e-02	1.200000e-01	-2.915656e+03	-2.504580e+03	-4.110758e+02
580	2.217653e+01	4.900800e-02	1.040687e-02	1.300000e-01	-2.915654e+03	-2.504592e+03	-4.110622e+02
581	2.169885e+01	4.847731e-02	1.040687e-02	1.400000e-01	-2.915233e+03	-2.504196e+03	-4.110376e+02
582	2.124874e+01	4.847731e-02	1.051652e-02	1.300000e-01	-2.915213e+03	-2.504219e+03	-4.109938e+02
583	2.041940e+01	4.847731e-02	1.072796e-02	1.300000e-01	-2.915118e+03	-2.504264e+03	-4.108536e+02
584	2.077278e+01	4.889499e-02	1.072796e-02	1.400000e-01	-2.915468e+03	-2.504596e+03	-4.108726e+02
585	2.159960e+01	4.889499e-02	1.052062e-02	1.500000e-01	-2.915564e+03	-2.504553e+03	-4.110111e+02
586	2.054841e+01	4.889499e-02	1.078637e-02	1.400000e-01	-2.915429e+03	-2.504608e+03	-4.108216e+02
587	2.131377e+01	4.979726e-02	1.078637e-02	1.500000e-01	-2.915674e+03	-2.504812e+03	-4.108613e+02
588	2.126450e+01	4.979726e-02	1.079886e-02	1.600000e-01	-2.915665e+03	-2.504815e+03	-4.108497e+02
589	2.024288e+01	4.979726e-02	1.106800e-02	1.500000e-01	-2.915414e+03	-2.504867e+03	-4.105467e+02
590	1.961329e+01	4.979726e-02	1.124424e-02	1.600000e-01	-2.915198e+03	-2.504900e+03	-4.102970e+02
591	2.339329e+01	4.979726e-02	1.029579e-02	1.600000e-01	-2.915832e+03	-2.504711e+03	-4.111208e+02
592	2.353787e+01	4.979726e-02	1.026412e-02	1.600000e-01	-2.915827e+03	-2.504704e+03	-4.111233e+02
593	2.375943e+01	5.003109e-02	1.026412e-02	1.500000e-01	-2.915783e+03	-2.504649e+03	-4.111337e+02
594	2.550611e+01	5.003109e-02	9.906444e-03	1.400000e-01	-2.915593e+03	-2.504570e+03	-4.110234e+02
595	2.541603e+01	4.994266e-02	9.906444e-03	1.500000e-01	-2.915614e+03	-2.504595e+03	-4.110193e+02
596	2.364506e+01	4.994266e-02	1.027073e-02	1.400000e-01	-2.915806e+03	-2.504677e+03	-4.111294e+02
597	2.317930e+01	4.944834e-02	1.027073e-02	1.500000e-01	-2.915813e+03	-2.504706e+03	-4.111072e+02
598	2.652772e+01	4.944834e-02	9.600673e-03	1.400000e-01	-2.915225e+03	-2.504550e+03	-4.106751e+02
599	2.657828e+01	4.944834e-02	9.591538e-03	1.400000e-01	-2.915209e+03	-2.504547e+03	-4.106619e+02
600	2.154819e+01	4.944834e-02	1.065237e-02	1.500000e-01	-2.915742e+03	-2.504786e+03	-4.109557e+02
601	2.169318e+01	4.961442e-02	1.065237e-02	1.600000e-01	-2.915761e+03	-2.504798e+03	-4.109630e+02
602	2.187468e+01	4.982155e-02	1.065237e-02	1.500000e-01	-2.915754e+03	-2.504782e+03	-4.109720e+02
603	2.179995e+01	4.973637e-02	1.065237e-02	1.500000e-01	-2.915761e+03	-2.504793e+03	-4.109683e+02
604	2.237075e+01	4.973637e-02	1.051559e-02	1.400000e-01	-2.915816e+03	-2.504765e+03	-4.110513e+02
605	2.711871e+01	4.973637e-02	9.550796e-03	1.300000e-01	-2.915159e+03	-2.504545e+03	-4.106145e+02
606	2.717635e+01	4.978920e-02	9.550796e-03	1.400000e-01	-2.915156e+03	-2.504539e+03	-4.106170e+02
607	2.650541e+01	4.917075e-02	9.550796e-03	1.400000e-01	-2.915052e+03	-2.504465e+03	-4.105869e+02
608	2.973097e+01	4.917075e-02	9.017835e-03	1.400000e-01	-2.913658e+03	-2.504320e+03	-4.093375e+02
609	2.937341e+01	4.887418e-02	9.017835e-03	1.400000e-01	-2.913492e+03	-2.504170e+03	-4.093217e+02
610	2.762696e+01	4.887418e-02	9.298502e-03	1.300000e-01	-2.914337e+03	-2.504249e+03	-4.100885e+02
611	2.898134e+01	5.005785e-02	9.298502e-03	1.400000e-01	-2.914558e+03	-2.504410e+03	-4.101481e+02
612	3.047597e+01	5.005785e-02	9.067622e-03	1.300000e-01	-2.913885e+03	-2.504347e+03	-4.095385e+02
613	3.430861e+01	5.005785e-02	8.546152e-03	1.400000e-01	-2.911644e+03	-2.504187e+03	-4.074564e+02
614	3.459078e+01	5.026328e-02	8.546152e-03	1.400000e-01	-2.911569e+03	-2.504101e+03	-4.074680e+02
615	3.350739e+01	5.026328e-02	8.683215e-03	1.400000e-01	-2.912265e+03	-2.504145e+03	-4.081201e+02
616	3.272298e+01	4.967147e-02	8.683215e-03	1.500000e-01	-2.912392e+03	-2.504305e+03	-4.080874e+02
617	3.356349e+01	5.030534e-02	8.683215e-03	1.400000e-01	-2.912246e+03	-2.504124e+03	-4.081224e+02
618	3.345621e+01	5.022488e-02	8.683215e-03	1.400000e-01	-2.912282e+03	-2.504164e+03	-4.081180e+02
619	3.210530e+01	5.022488e-02	8.864017e-03	1.400000e-01	-2.913079e+03	-2.504220e+03	-4.088595e+02
620	2.982407e+01	5.022488e-02	9.196773e-03	1.400000e-01	-2.914224e+03	-2.504315e+03	-4.099089e+02
621	2.915414e+01	4.965758e-02	9.196773e-03	1.400000e-01	-2.914337e+03	-2.504457e+03	-4.098804e+02
622	3.119842e+01	4.965758e-02	8.890358e-03	1.500000e-01	-2.913296e+03	-2.504369e+03	-4.089269e+02
623	2.938676e+01	4.965758e-02	9.160300e-03	1.500000e-01	-2.914230e+03	-2.504447e+03	-4.097835e+02
624	3.020031e+01	4.965758e-02	9.036076e-03	1.500000e-01	-2.913832e+03	-2.504412e+03	-4.094208e+02
625	2.763648e+01	4.965758e-02	9.445919e-03	1.400000e-01	-2.914955e+03	-2.504523e+03	-4.104320e+02
626	2.876858e+01	4.965758e-02	9.258196e-03	1.300000e-01	-2.914507e+03	-2.504473e+03	-4.100338e+02
627	2.947697e+01	5.026524e-02	9.258196e-03	1.400000e-01	-2.914376e+03	-2.504312e+03	-4.100641e+02
628	2.891501e+01	4.978380e-02	9.258196e-03	1.500000e-01	-2.914504e+03	-2.504464e+03	-4.100402e+02
629	2.891261e+01	4.978173e-02	9.258196e-03	1.500000e-01	-2.914504e+03	-2.504464e+03	-4.100401e+02
630	2.969234e+01	4.978173e-02	9.135826e-03	1.400000e-01	-2.914153e+03	-2.504430e+03	-4.097225e+02
631	2.880095e+01	4.978173e-02	9.276125e-03	1.500000e-01	-2.914551e+03	-2.504469e+03	-4.100827e+02
632	2.917980e+01	5.010808e-02	9.276125e-03	1.500000e-01	-2.914485e+03	-2.504386e+03	-4.100989e+02
633	2.968936e+01	5.054370e-02	9.276125e-03	1.400000e-01	-2.914268e+03	-2.504147e+03	-4.101203e+02
634	3.050153e+01	5.123036e-02	9.276125e-03	1.300000e-01	-2.913642e+03	-2.503488e+03	-4.101535e+02
635	2.947905e+01	5.036436e-02	9.276125e-03	1.300000e-01	-2.914375e+03	-2.504263e+03	-4.101115e+02
636	2.885745e+01	4.983053e-02	9.276125e-03	1.300000e-01	-2.914547e+03	-2.504462e+03	-4.100851e+02
637	2.916414e+01	5.009463e-02	9.276125e-03	1.200000e-01	-2.914489e+03	-2.504391e+03	-4.100982e+02
638	2.753109e+01	5.009463e-02	9.547276e-03	1.200000e-01	-2.915087e+03	-2.504461e+03	-4.106262e+02
639	2.497743e+01	5.009463e-02	1.002345e-02	1.100000e-01	-2.915666e+03	-2.504574e+03	-4.110916e+02
640	2.311997e+01	5.009463e-02	1.041832e-02	1.200000e-01	-2.915767e+03	-2.504660e+03	-4.111071e+02
641	2.502605e+01	5.009463e-02	1.001371e-02	1.200000e-01	-2.915659e+03	-2.504572e+03	-4.110873e+02
642	2.369743e+01	5.009463e-02	1.029060e-02	1.100000e-01	-2.915767e+03	-2.504633e+03	-4.111345e+02
643	2.391277e+01	5.009463e-02	1.024416e-02	1.000000e-01	-2.915760e+03	-2.504623e+03	-4.111371e+02
644	2.638333e+01	5.009463e-02	9.752735e-03	1.000000e-01	-2.915405e+03	-2.504511e+03	-4.108936e+02
645	2.591433e+01	5.009463e-02	9.840591e-03	1.100000e-01	-2.915508e+03	-2.504532e+03	-4.109761e+02
646	2.649057e+01	5.064852e-02	9.840591e-03	1.000000e-01	-2.915210e+03	-2.504209e+03	-4.110014e+02
647	2.643848e+01	5.059871e-02	9.840591e-03	1.000000e+00	-2.915246e+03	-2.504247e+03	-4.109991e+02
648	2.382482e+01	5.059871e-02	1.036632e-02	1.000000e-01	-2.915506e+03	-2.504363e+03	-4.111436e+02
649	2.419451e+01	5.098977e-02	1.036632e-02	1.000000e+00	-2.915172e+03	-2.504011e+03	-4.111602e+02
650	2.354285e+01	5.098977e-02	1.050881e-02	9.900000e-01	-2.915149e+03	-2.504041e+03	-4.111082e+02
651	2.334261e+01	5.077247e-02	1.050881e-02	9.800000e-01	-2.915349e+03	-2.504250e+03	-4.110991e+02
652	2.504819e+01	5.077247e-02	1.014472e-02	9.800000e-01	-2.915332e+03	-2.504173e+03	-4.111585e+02
653	2.226132e+01	5.077247e-02	1.076101e-02	9.700000e-01	-2.915225e+03	-2.504300e+03	-4.109253e+02
654	2.413623e+01	5.077247e-02	1.033460e-02	9.800000e-01	-2.915371e+03	-2.504214e+03	-4.111577e+02
655	2.396677e+01	5.059391e-02	1.033460e-02	9.900000e-01	-2.915510e+03	-2.504360e+03	-4.111501e+02
656	2.413053e+01	5.076647e-02	1.033460e-02	9.900000e-01	-2.915376e+03	-2.504219e+03	-4.111575e+02
657	2.360409e+01	5.020964e-02	1.033460e-02	9.800000e-01	-2.915727e+03	-2.504594e+03	-4.111334e+02
658	2.090560e+01	5.020964e-02	1.098135e-02	9.800000e-01	-2.915396e+03	-2.504724e+03	-4.106724e+02
659	2.163454e+01	5.107750e-02	1.098135e-02	9.700000e-01	-2.914746e+03	-2.504038e+03	-4.107079e+02
660	2.150753e+01	5.092735e-02	1.098135e-02	9.800000e-01	-2.914898e+03	-2.504196e+03	-4.107019e+02
661	1.943754e+01	5.092735e-02	1.155129e-02	9.700000e-01	-2.914120e+03	-2.504299e+03	-4.098216e+02
662	1.956775e+01	5.109764e-02	1.155129e-02	9.800000e-01	-2.913946e+03	-2.504118e+03	-4.098283e+02
663	2.103073e+01	5.109764e-02	1.114227e-02	9.900000e-01	-2.914545e+03	-2.504046e+03	-4.104994e+02
664	2.391402e+01	5.109764e-02	1.044900e-02	9.800000e-01	-2.915051e+03	-2.503912e+03	-4.111388e+02
665	2.397589e+01	5.116371e-02	1.044900e-02	9.800000e-01	-2.914979e+03	-2.503837e+03	-4.111415e+02
666	2.466141e+01	5.188999e-02	1.044900e-02	9.800000e-01	-2.913986e+03	-2.502815e+03	-4.111713e+02
667	2.465574e+01	5.188402e-02	1.044900e-02	9.900000e-01	-2.913996e+03	-2.502825e+03	-4.111710e+02
668	2.731471e+01	5.188402e-02	9.927395e-03	1.000000e+00	-2.913833e+03	-2.502714e+03	-4.111190e+02
669	2.727502e+01	5.184631e-02	9.927395e-03	1.000000e-01	-2.913893e+03	-2.502776e+03	-4.111174e+02
670	2.820441e+01	5.184631e-02	9.762463e-03	1.100000e-01	-2.913721e+03	-2.502738e+03	-4.109824e+02
671	2.934305e+01	5.184631e-02	9.571175e-03	1.200000e-01	-2.913437e+03	-2.502693e+03	-4.107437e+02
672	2.835993e+01	5.184631e-02	9.735659e-03	1.200000e-01	-2.913687e+03	-2.502732e+03	-4.109544e+02
673	2.786594e+01	5.184631e-02	9.821573e-03	1.300000e-01	-2.913790e+03	-2.502752e+03	-4.110380e+02
674	3.051391e+01	5.184631e-02	9.385749e-03	1.300000e-01	-2.913067e+03	-2.502647e+03	-4.104202e+02
675	2.562905e+01	5.184631e-02	1.024122e-02	1.400000e-01	-2.914055e+03	-2.502844e+03	-4.112119e+02
676	2.528521e+01	5.149736e-02	1.024122e-02	1.300000e-01	-2.914566e+03	-2.503369e+03	-4.111974e+02
677	2.491959e+01	5.112368e-02	1.024122e-02	1.200000e-01	-2.915022e+03	-2.503840e+03	-4.111817e+02
678	2.482840e+01	5.112368e-02	1.026001e-02	1.300000e-01	-2.915025e+03	-2.503844e+03	-4.111811e+02
679	2.508694e+01	5.138916e-02	1.026001e-02	1.400000e-01	-2.914711e+03	-2.503519e+03	-4.111923e+02
680	2.641227e+01	5.138916e-02	9.999279e-03	1.500000e-01	-2.914600e+03	-2.503463e+03	-4.111376e+02
681	2.482938e+01	4.982549e-02	9.999279e-03	1.600000e-01	-2.915709e+03	-2.504641e+03	-4.110683e+02
682	2.461858e+01	4.961353e-02	9.999279e-03	1.500000e-01	-2.915716e+03	-2.504657e+03	-4.110585e+02
683	2.592260e+01	4.961353e-02	9.744530e-03	1.500000e-01	-2.915460e+03	-2.504598e+03	-4.108623e+02
684	2.634589e+01	5.001697e-02	9.744530e-03	1.600000e-01	-2.915417e+03	-2.504536e+03	-4.108813e+02
685	2.704485e+01	5.067610e-02	9.744530e-03	1.700000e-01	-2.915076e+03	-2.504164e+03	-4.109117e+02
686	2.524413e+01	5.067610e-02	1.008609e-02	1.600000e-01	-2.915382e+03	-2.504242e+03	-4.111403e+02
687	2.497810e+01	5.040837e-02	1.008609e-02	1.700000e-01	-2.915561e+03	-2.504433e+03	-4.111285e+02
688	2.815760e+01	5.040837e-02	9.499590e-03	1.600000e-01	-2.914858e+03	-2.504295e+03	-4.105633e+02
689	2.563118e+01	5.040837e-02	9.956768e-03	1.700000e-01	-2.915476e+03	-2.504404e+03	-4.110722e+02
690	2.609034e+01	5.085788e-02	9.956768e-03	1.700000e-01	-2.915146e+03	-2.504054e+03	-4.110922e+02
691	2.642085e+01	5.117900e-02	9.956768e-03	1.800000e-01	-2.914821e+03	-2.503714e+03	-4.111063e+02
692	2.749113e+01	5.117900e-02	9.761027e-03	1.900000e-01	-2.914621e+03	-2.503670e+03	-4.109515e+02
693	2.346815e+01	5.117900e-02	1.056458e-02	1.900000e-01	-2.914929e+03	-2.503843e+03	-4.110862e+02
694	2.353461e+01	5.125142e-02	1.056458e-02	1.900000e-01	-2.914845e+03	-2.503756e+03	-4.110892e+02
695	2.262981e+01	5.025656e-02	1.056458e-02	2.000000e-01	-2.915667e+03	-2.504619e+03	-4.110476e+02
696	2.177994e+01	4.930383e-02	1.056458e-02	2.000000e-01	-2.915745e+03	-2.504739e+03	-4.110059e+02
697	2.131805e+01	4.877823e-02	1.056458e-02	2.000000e-01	-2.915467e+03	-2.504485e+03	-4.109821e+02
698	2.150459e+01	4.899119e-02	1.056458e-02	2.000000e-01	-2.915608e+03	-2.504617e+03	-4.109918e+02
699	2.125888e+01	4.871049e-02	1.056458e-02	2.000000e-01	-2.915413e+03	-2.504434e+03	-4.109790e+02
700	2.130091e+01	4.875862e-02	1.056458e-02	2.100000e-01	-2.915452e+03	-2.504470e+03	-4.109812e+02
701	2.105773e+01	4.847950e-02	1.056458e-02	2.200000e-01	-2.915200e+03	-2.504232e+03	-4.109683e+02
702	2.069700e+01	4.806247e-02	1.056458e-02	2.100000e-01	-2.914691e+03	-2.503742e+03	-4.109487e+02
703	2.044475e+01	4.776868e-02	1.056458e-02	2.100000e-01	-2.914233e+03	-2.503298e+03	-4.109347e+02
704	2.098773e+01	4.776868e-02	1.042703e-02	2.100000e-01	-2.914265e+03	-2.503268e+03	-4.109973e+02
705	2.136856e+01	4.776868e-02	1.033369e-02	2.100000e-01	-2.914268e+03	-2.503247e+03	-4.110210e+02
706	2.352632e+01	4.776868e-02	9.848414e-03	2.100000e-01	-2.914004e+03	-2.503133e+03	-4.108706e+02
707	2.543561e+01	4.776868e-02	9.471575e-03	2.100000e-01	-2.913420e+03	-2.503037e+03	-4.103829e+02
708	2.536196e+01	4.769947e-02	9.471575e-03	2.000000e-01	-2.913299e+03	-2.502920e+03	-4.103793e+02
709	2.484803e+01	4.721371e-02	9.471575e-03	2.000000e-01	-2.912316e+03	-2.501962e+03	-4.103534e+02
710	2.569429e+01	4.801097e-02	9.471575e-03	1.900000e-01	-2.913806e+03	-2.503411e+03	-4.103956e+02
711	2.587881e+01	4.818306e-02	9.471575e-03	1.800000e-01	-2.914046e+03	-2.503642e+03	-4.104045e+02
712	2.581685e+01	4.812534e-02	9.471575e-03	1.800000e-01	-2.913969e+03	-2.503567e+03	-4.104015e+02
713	2.286488e+01	4.812534e-02	1.006443e-02	1.900000e-01	-2.914729e+03	-2.503714e+03	-4.110152e+02
714	2.187154e+01	4.812534e-02	1.029044e-02	1.900000e-01	-2.914810e+03	-2.503766e+03	-4.110440e+02
715	2.474752e+01	4.812534e-02	9.674043e-03	2.000000e-01	-2.914327e+03	-2.503619e+03	-4.107079e+02
716	2.260684e+01	4.812534e-02	1.012171e-02	2.000000e-01	-2.914760e+03	-2.503728e+03	-4.110321e+02
717	2.255186e+01	4.806678e-02	1.012171e-02	2.000000e-01	-2.914678e+03	-2.503649e+03	-4.110293e+02
718	2.276212e+01	4.829034e-02	1.012171e-02	1.900000e-01	-2.914971e+03	-2.503931e+03	-4.110401e+02
719	2.344613e+01	4.901054e-02	1.012171e-02	2.000000e-01	-2.915604e+03	-2.504530e+03	-4.110744e+02
720	2.618281e+01	4.901054e-02	9.578143e-03	2.100000e-01	-2.915021e+03	-2.504400e+03	-4.106208e+02
721	2.574331e+01	4.859745e-02	9.578143e-03	2.200000e-01	-2.914713e+03	-2.504112e+03	-4.106002e+02
722	2.630189e+01	4.912186e-02	9.578143e-03	2.200000e-01	-2.915078e+03	-2.504452e+03	-4.106263e+02
723	2.609757e+01	4.893069e-02	9.578143e-03	2.200000e-01	-2.914973e+03	-2.504356e+03	-4.106168e+02
724	2.579408e+01	4.864535e-02	9.578143e-03	2.100000e-01	-2.914756e+03	-2.504154e+03	-4.106026e+02
725	2.514382e+01	4.802827e-02	9.578143e-03	2.000000e-01	-2.914034e+03	-2.503463e+03	-4.105713e+02
726	2.331820e+01	4.802827e-02	9.946021e-03	2.000000e-01	-2.914508e+03	-2.503554e+03	-4.109536e+02
727	2.322070e+01	4.802827e-02	9.966881e-03	2.100000e-01	-2.914525e+03	-2.503559e+03	-4.109658e+02
728	2.212764e+01	4.802827e-02	1.021009e-02	2.000000e-01	-2.914657e+03	-2.503616e+03	-4.110405e+02
729	1.922962e+01	4.802827e-02	1.095246e-02	1.900000e-01	-2.914386e+03	-2.503776e+03	-4.106099e+02
730	2.331884e+01	4.802827e-02	9.945884e-03	2.000000e-01	-2.914508e+03	-2.503554e+03	-4.109536e+02
731	2.098769e+01	4.802827e-02	1.048370e-02	1.900000e-01	-2.914665e+03	-2.503677e+03	-4.109879e+02
732	2.100364e+01	4.804651e-02	1.048370e-02	2.000000e-01	-2.914691e+03	-2.503703e+03	-4.109887e+02
733	2.146588e+01	4.857233e-02	1.048370e-02	2.000000e-01	-2.915315e+03	-2.504302e+03	-4.110135e+02
734	2.198399e+01	4.915502e-02	1.048370e-02	2.100000e-01	-2.915714e+03	-2.504674e+03	-4.110402e+02
735	2.162339e+01	4.875021e-02	1.048370e-02	2.100000e-01	-2.915469e+03	-2.504447e+03	-4.110217e+02
736	1.956547e+01	4.875021e-02	1.102126e-02	2.100000e-01	-2.915118e+03	-2.504558e+03	-4.105606e+02
737	1.894500e+01	4.875021e-02	1.120029e-02	2.200000e-01	-2.914910e+03	-2.504593e+03	-4.103175e+02
738	1.749653e+01	4.875021e-02	1.165468e-02	2.200000e-01	-2.914212e+03	-2.504679e+03	-4.095332e+02
739	1.823692e+01	4.875021e-02	1.141565e-02	2.300000e-01	-2.914608e+03	-2.504634e+03	-4.099738e+02
740	1.938015e+01	4.875021e-02	1.107383e-02	2.300000e-01	-2.915062e+03	-2.504568e+03	-4.104934e+02
741	1.945214e+01	4.875021e-02	1.105332e-02	2.400000e-01	-2.915084e+03	-2.504564e+03	-4.105201e+02
742	1.876840e+01	4.788577e-02	1.105332e-02	2.300000e-01	-2.914068e+03	-2.503588e+03	-4.104804e+02
743	1.849205e+01	4.753192e-02	1.105332e-02	2.200000e-01	-2.913447e+03	-2.502983e+03	-4.104637e+02
744	1.869098e+01	4.753192e-02	1.099434e-02	2.300000e-01	-2.913508e+03	-2.502971e+03	-4.105371e+02
745	1.913414e+01	4.753192e-02	1.086628e-02	2.200000e-01	-2.913625e+03	-2.502944e+03	-4.106803e+02
746	1.930421e+01	4.753192e-02	1.081831e-02	2.200000e-01	-2.913662e+03	-2.502934e+03	-4.107281e+02
747	1.943956e+01	4.753192e-02	1.078058e-02	2.200000e-01	-2.913689e+03	-2.502926e+03	-4.107633e+02
748	1.795458e+01	4.753192e-02	1.121754e-02	2.300000e-01	-2.913253e+03	-2.503017e+03	-4.102358e+02
749	1.788764e+01	4.753192e-02	1.123851e-02	2.300000e-01	-2.913225e+03	-2.503021e+03	-4.102044e+02
750	1.835821e+01	4.753192e-02	1.109354e-02	2.200000e-01	-2.913403e+03	-2.502992e+03	-4.104110e+02
751	1.789863e+01	4.753192e-02	1.123506e-02	2.200000e-01	-2.913230e+03	-2.503020e+03	-4.102096e+02
752	1.952997e+01	4.753192e-02	1.075560e-02	2.100000e-01	-2.913706e+03	-2.502921e+03	-4.107855e+02
753	1.958384e+01	4.759743e-02	1.075560e-02	2.100000e-01	-2.913831e+03	-2.503042e+03	-4.107886e+02
754	1.953753e+01	4.759743e-02	1.076834e-02	2.100000e-01	-2.913822e+03	-2.503045e+03	-4.107774e+02
755	1.982507e+01	4.794640e-02	1.076834e-02	2.000000e-01	-2.914414e+03	-2.503620e+03	-4.107941e+02
756	2.445886e+01	4.794640e-02	9.694779e-03	1.900000e-01	-2.914098e+03	-2.503374e+03	-4.107242e+02
757	2.473969e+01	4.822087e-02	9.694779e-03	2.000000e-01	-2.914484e+03	-2.503746e+03	-4.107381e+02
758	2.480010e+01	4.827971e-02	9.694779e-03	2.100000e-01	-2.914557e+03	-2.503816e+03	-4.107410e+02
759	2.204168e+01	4.827971e-02	1.028353e-02	2.000000e-01	-2.915008e+03	-2.503956e+03	-4.110520e+02
760	2.205763e+01	4.829717e-02	1.028353e-02	1.900000e-01	-2.915029e+03	-2.503976e+03	-4.110528e+02
761	2.167482e+01	4.787624e-02	1.028353e-02	2.000000e-01	-2.914441e+03	-2.503408e+03	-4.110325e+02
762	2.187527e+01	4.809711e-02	1.028353e-02	2.100000e-01	-2.914770e+03	-2.503727e+03	-4.110432e+02
763	2.293195e+01	4.924508e-02	1.028353e-02	2.000000e-01	-2.915760e+03	-2.504663e+03	-4.110971e+02
764	2.096347e+01	4.924508e-02	1.075552e-02	2.000000e-01	-2.915627e+03	-2.504762e+03	-4.108648e+02
765	2.092099e+01	4.919515e-02	1.075552e-02	2.100000e-01	-2.915608e+03	-2.504745e+03	-4.108626e+02
766	2.388203e+01	4.919515e-02	1.006669e-02	2.000000e-01	-2.915665e+03	-2.504597e+03	-4.110671e+02
767	2.368109e+01	4.898775e-02	1.006669e-02	1.900000e-01	-2.915563e+03	-2.504506e+03	-4.110574e+02
768	2.400902e+01	4.932577e-02	1.006669e-02	1.900000e-01	-2.915710e+03	-2.504637e+03	-4.110732e+02
769	2.642559e+01	4.932577e-02	9.595365e-03	1.800000e-01	-2.915186e+03	-2.504524e+03	-4.106615e+02
770	2.608573e+01	4.900755e-02	9.595365e-03	1.900000e-01	-2.915049e+03	-2.504403e+03	-4.106459e+02
771	2.172737e+01	4.900755e-02	1.051379e-02	1.800000e-01	-2.915634e+03	-2.504614e+03	-4.110196e+02
772	2.069837e+01	4.900755e-02	1.077196e-02	1.800000e-01	-2.915508e+03	-2.504668e+03	-4.108397e+02
773	2.045085e+01	4.871364e-02	1.077196e-02	1.900000e-01	-2.915306e+03	-2.504480e+03	-4.108264e+02
774	2.031126e+01	4.871364e-02	1.080892e-02	1.800000e-01	-2.915280e+03	-2.504488e+03	-4.107923e+02
775	2.180532e+01	4.871364e-02	1.043204e-02	1.900000e-01	-2.915449e+03	-2.504408e+03	-4.110404e+02
776	1.837581e+01	4.871364e-02	1.136390e-02	1.900000e-01	-2.914657e+03	-2.504597e+03	-4.100596e+02
777	1.715853e+01	4.871364e-02	1.176009e-02	1.900000e-01	-2.913990e+03	-2.504671e+03	-4.093192e+02
778	1.741528e+01	4.907674e-02	1.176009e-02	1.900000e-01	-2.914225e+03	-2.504890e+03	-4.093350e+02
779	1.749319e+01	4.918639e-02	1.176009e-02	1.900000e-01	-2.914273e+03	-2.504933e+03	-4.093397e+02
780	1.777823e+01	4.958551e-02	1.176009e-02	2.000000e-01	-2.914364e+03	-2.505007e+03	-4.093566e+02
781	1.670900e+01	4.958551e-02	1.213052e-02	2.000000e-01	-2.913603e+03	-2.505072e+03	-4.085311e+02
782	1.687588e+01	4.983252e-02	1.213052e-02	2.000000e-01	-2.913593e+03	-2.505052e+03	-4.085413e+02
783	1.650458e+01	4.928125e-02	1.213052e-02	1.900000e-01	-2.913546e+03	-2.505028e+03	-4.085183e+02
784	1.662424e+01	4.945959e-02	1.213052e-02	1.800000e-01	-2.913589e+03	-2.505063e+03	-4.085258e+02
785	1.717332e+01	4.945959e-02	1.193503e-02	1.900000e-01	-2.914005e+03	-2.505029e+03	-4.089761e+02
786	1.581779e+01	4.945959e-02	1.243591e-02	1.900000e-01	-2.912878e+03	-2.505114e+03	-4.077637e+02
