#rate	A_maxlik	<A>	stdA	CI_5pc	CI_95pc
inf	1.929393e-03	1.904495e-03	2.219368e-04	1.842516e-03	1.938495e-03
1.000000e+03	0.000000e+00	0.000000e+00	0.000000e+00	0.000000e+00	0.000000e+00
8.709636e+02	0.000000e+00	0.000000e+00	0.000000e+00	0.000000e+00	0.000000e+00
7.585776e+02	0.000000e+00	0.000000e+00	0.000000e+00	0.000000e+00	0.000000e+00
6.606934e+02	0.000000e+00	0.000000e+00	0.000000e+00	0.000000e+00	0.000000e+00
5.754399e+02	0.000000e+00	0.000000e+00	0.000000e+00	0.000000e+00	0.000000e+00
5.011872e+02	0.000000e+00	0.000000e+00	0.000000e+00	0.000000e+00	0.000000e+00
4.365158e+02	0.000000e+00	0.000000e+00	0.000000e+00	0.000000e+00	0.000000e+00
3.801894e+02	0.000000e+00	0.000000e+00	0.000000e+00	0.000000e+00	0.000000e+00
3.311311e+02	0.000000e+00	0.000000e+00	0.000000e+00	0.000000e+00	0.000000e+00
2.884032e+02	0.000000e+00	0.000000e+00	0.000000e+00	0.000000e+00	0.000000e+00
2.511886e+02	0.000000e+00	0.000000e+00	0.000000e+00	0.000000e+00	0.000000e+00
2.187762e+02	0.000000e+00	0.000000e+00	0.000000e+00	0.000000e+00	0.000000e+00
1.905461e+02	0.000000e+00	0.000000e+00	0.000000e+00	0.000000e+00	0.000000e+00
1.659587e+02	0.000000e+00	0.000000e+00	0.000000e+00	0.000000e+00	0.000000e+00
1.445440e+02	0.000000e+00	0.000000e+00	0.000000e+00	0.000000e+00	0.000000e+00
1.258925e+02	0.000000e+00	0.000000e+00	0.000000e+00	0.000000e+00	0.000000e+00
1.096478e+02	0.000000e+00	0.000000e+00	0.000000e+00	0.000000e+00	0.000000e+00
9.549926e+01	0.000000e+00	0.000000e+00	0.000000e+00	0.000000e+00	0.000000e+00
8.317638e+01	0.000000e+00	0.000000e+00	0.000000e+00	0.000000e+00	0.000000e+00
7.244360e+01	0.000000e+00	0.000000e+00	0.000000e+00	0.000000e+00	0.000000e+00
6.309573e+01	1.299524e-02	1.390525e-02	1.173991e-02	1.130402e-02	1.696458e-02
5.495409e+01	5.898607e-02	5.879675e-02	8.054758e-03	5.688727e-02	6.122489e-02
4.786301e+01	3.464601e-02	3.432321e-02	4.195674e-03	3.324180e-02	3.524238e-02
4.168694e+01	1.247053e-02	1.194796e-02	3.822062e-03	1.079061e-02	1.247028e-02
3.630781e+01	0.000000e+00	0.000000e+00	0.000000e+00	0.000000e+00	0.000000e+00
3.162278e+01	0.000000e+00	0.000000e+00	0.000000e+00	0.000000e+00	0.000000e+00
2.754229e+01	0.000000e+00	0.000000e+00	0.000000e+00	0.000000e+00	0.000000e+00
2.398833e+01	0.000000e+00	0.000000e+00	0.000000e+00	0.000000e+00	0.000000e+00
2.089296e+01	0.000000e+00	0.000000e+00	0.000000e+00	0.000000e+00	0.000000e+00
1.819701e+01	0.000000e+00	0.000000e+00	0.000000e+00	0.000000e+00	0.000000e+00
1.584893e+01	0.000000e+00	0.000000e+00	0.000000e+00	0.000000e+00	0.000000e+00
1.380384e+01	0.000000e+00	0.000000e+00	0.000000e+00	0.000000e+00	0.000000e+00
1.202264e+01	0.000000e+00	0.000000e+00	0.000000e+00	0.000000e+00	0.000000e+00
1.047129e+01	0.000000e+00	0.000000e+00	0.000000e+00	0.000000e+00	0.000000e+00
9.120108e+00	0.000000e+00	0.000000e+00	0.000000e+00	0.000000e+00	0.000000e+00
7.943282e+00	1.387364e-02	1.218210e-02	1.604723e-02	8.080002e-03	1.493604e-02
6.918310e+00	4.034546e-02	4.120296e-02	8.366903e-03	3.975631e-02	4.337782e-02
6.025596e+00	3.602419e-02	3.689048e-02	7.502338e-03	3.566787e-02	3.859692e-02
5.248075e+00	3.219630e-02	3.298700e-02	6.353976e-03	3.203514e-02	3.464476e-02
4.570882e+00	3.010314e-02	3.073281e-02	4.869820e-03	3.005827e-02	3.204762e-02
3.981072e+00	2.985120e-02	3.024119e-02	2.965339e-03	2.983924e-02	3.097969e-02
3.467369e+00	3.041736e-02	3.050454e-02	7.561620e-04	3.038658e-02	3.068560e-02
3.019952e+00	3.009230e-02	2.983799e-02	2.076921e-03	2.903079e-02	3.011422e-02
2.630268e+00	2.719899e-02	2.659725e-02	4.747348e-03	2.502344e-02	2.720725e-02
2.290868e+00	2.082419e-02	1.990811e-02	7.322746e-03	1.772631e-02	2.093769e-02
1.995262e+00	1.129355e-02	1.013810e-02	9.547631e-03	7.691114e-03	1.160652e-02
1.737801e+00	2.048714e-04	1.933066e-04	1.845119e-03	0.000000e+00	7.465313e-04
1.513561e+00	0.000000e+00	0.000000e+00	0.000000e+00	0.000000e+00	0.000000e+00
1.318257e+00	0.000000e+00	0.000000e+00	0.000000e+00	0.000000e+00	0.000000e+00
1.148154e+00	0.000000e+00	0.000000e+00	0.000000e+00	0.000000e+00	0.000000e+00
1.000000e+00	0.000000e+00	0.000000e+00	0.000000e+00	0.000000e+00	0.000000e+00
8.709636e-01	0.000000e+00	0.000000e+00	0.000000e+00	0.000000e+00	0.000000e+00
7.585776e-01	0.000000e+00	0.000000e+00	0.000000e+00	0.000000e+00	0.000000e+00
6.606934e-01	0.000000e+00	0.000000e+00	0.000000e+00	0.000000e+00	0.000000e+00
5.754399e-01	0.000000e+00	0.000000e+00	0.000000e+00	0.000000e+00	0.000000e+00
5.011872e-01	9.099779e-03	1.089122e-02	2.037809e-02	8.414479e-03	1.924484e-02
4.365158e-01	3.787509e-02	3.977626e-02	1.763324e-02	3.668882e-02	4.401292e-02
3.801894e-01	3.979002e-02	4.124810e-02	1.343552e-02	3.882537e-02	4.441260e-02
3.311311e-01	3.947220e-02	4.018667e-02	6.787284e-03	3.888272e-02	4.166796e-02
2.884032e-01	3.708037e-02	3.681397e-02	3.930766e-03	3.519696e-02	3.730865e-02
2.511886e-01	3.249101e-02	3.112023e-02	1.314934e-02	2.726416e-02	3.297790e-02
2.187762e-01	2.540989e-02	2.297033e-02	2.275021e-02	1.712772e-02	2.650634e-02
1.905461e-01	1.561912e-02	1.233794e-02	3.046303e-02	4.940950e-03	1.728896e-02
1.659587e-01	3.277383e-03	2.037477e-03	1.432055e-02	0.000000e+00	5.400415e-03
1.445440e-01	0.000000e+00	0.000000e+00	0.000000e+00	0.000000e+00	0.000000e+00
1.258925e-01	0.000000e+00	0.000000e+00	0.000000e+00	0.000000e+00	0.000000e+00
1.096478e-01	0.000000e+00	0.000000e+00	0.000000e+00	0.000000e+00	0.000000e+00
9.549926e-02	0.000000e+00	0.000000e+00	0.000000e+00	0.000000e+00	0.000000e+00
8.317638e-02	0.000000e+00	0.000000e+00	0.000000e+00	0.000000e+00	0.000000e+00
7.244360e-02	0.000000e+00	0.000000e+00	0.000000e+00	0.000000e+00	0.000000e+00
6.309573e-02	0.000000e+00	0.000000e+00	0.000000e+00	0.000000e+00	0.000000e+00
5.495409e-02	0.000000e+00	0.000000e+00	0.000000e+00	0.000000e+00	0.000000e+00
4.786301e-02	0.000000e+00	0.000000e+00	0.000000e+00	0.000000e+00	0.000000e+00
4.168694e-02	0.000000e+00	2.488242e-02	2.394974e-01	0.000000e+00	9.660283e-02
3.630781e-02	6.421216e-02	7.348841e-02	1.353527e-01	4.051249e-02	1.034000e-01
3.162278e-02	8.683859e-02	6.340927e-02	2.126731e-01	6.915691e-03	9.188580e-02
2.754229e-02	2.556700e-02	1.600889e-02	1.138492e-01	0.000000e+00	4.319876e-02
2.398833e-02	0.000000e+00	0.000000e+00	0.000000e+00	0.000000e+00	0.000000e+00
2.089296e-02	0.000000e+00	0.000000e+00	0.000000e+00	0.000000e+00	0.000000e+00
1.819701e-02	0.000000e+00	0.000000e+00	0.000000e+00	0.000000e+00	0.000000e+00
1.584893e-02	0.000000e+00	0.000000e+00	0.000000e+00	0.000000e+00	0.000000e+00
1.380384e-02	0.000000e+00	0.000000e+00	0.000000e+00	0.000000e+00	0.000000e+00
1.202264e-02	0.000000e+00	0.000000e+00	0.000000e+00	0.000000e+00	0.000000e+00
1.047129e-02	0.000000e+00	0.000000e+00	0.000000e+00	0.000000e+00	0.000000e+00
9.120108e-03	0.000000e+00	0.000000e+00	0.000000e+00	0.000000e+00	0.000000e+00
7.943282e-03	0.000000e+00	0.000000e+00	0.000000e+00	0.000000e+00	0.000000e+00
6.918310e-03	0.000000e+00	0.000000e+00	0.000000e+00	0.000000e+00	0.000000e+00
6.025596e-03	0.000000e+00	0.000000e+00	0.000000e+00	0.000000e+00	0.000000e+00
5.248075e-03	0.000000e+00	0.000000e+00	0.000000e+00	0.000000e+00	0.000000e+00
4.570882e-03	0.000000e+00	0.000000e+00	0.000000e+00	0.000000e+00	0.000000e+00
3.981072e-03	0.000000e+00	0.000000e+00	0.000000e+00	0.000000e+00	0.000000e+00
3.467369e-03	0.000000e+00	0.000000e+00	0.000000e+00	0.000000e+00	0.000000e+00
3.019952e-03	0.000000e+00	0.000000e+00	0.000000e+00	0.000000e+00	0.000000e+00
2.630268e-03	0.000000e+00	0.000000e+00	0.000000e+00	0.000000e+00	0.000000e+00
2.290868e-03	0.000000e+00	0.000000e+00	0.000000e+00	0.000000e+00	0.000000e+00
1.995262e-03	0.000000e+00	0.000000e+00	0.000000e+00	0.000000e+00	0.000000e+00
1.737801e-03	0.000000e+00	0.000000e+00	0.000000e+00	0.000000e+00	0.000000e+00
1.513561e-03	0.000000e+00	0.000000e+00	0.000000e+00	0.000000e+00	0.000000e+00
1.318257e-03	0.000000e+00	0.000000e+00	0.000000e+00	0.000000e+00	0.000000e+00
1.148154e-03	0.000000e+00	0.000000e+00	0.000000e+00	0.000000e+00	0.000000e+00
1.000000e-03	0.000000e+00	0.000000e+00	0.000000e+00	0.000000e+00	0.000000e+00
