#time(s)	value
1.388000e-03	1.781691e-02
2.788000e-03	8.872772e-02
4.188000e-03	1.148172e-01
5.600000e-03	1.217336e-01
7.025000e-03	1.203359e-01
8.463000e-03	1.155768e-01
9.913000e-03	1.097733e-01
1.136300e-02	1.040451e-01
1.282500e-02	9.880955e-02
1.430000e-02	9.423979e-02
1.578800e-02	9.037125e-02
1.728800e-02	8.717258e-02
1.878800e-02	8.459707e-02
2.031300e-02	8.252751e-02
2.183800e-02	8.092411e-02
2.337500e-02	7.969948e-02
2.492500e-02	7.879082e-02
2.647500e-02	7.814813e-02
2.805000e-02	7.771389e-02
2.962500e-02	7.745497e-02
3.122500e-02	7.733285e-02
3.282500e-02	7.732072e-02
3.443800e-02	7.739323e-02
3.606300e-02	7.753039e-02
3.770000e-02	7.771563e-02
3.935000e-02	7.793547e-02
4.101300e-02	7.817883e-02
4.267500e-02	7.843452e-02
4.436300e-02	7.869951e-02
4.605000e-02	7.896392e-02
4.776300e-02	7.922750e-02
4.947500e-02	7.948270e-02
5.120000e-02	7.972917e-02
5.295000e-02	7.996665e-02
5.470000e-02	8.019045e-02
5.646300e-02	8.040161e-02
5.825000e-02	8.060086e-02
6.003800e-02	8.078553e-02
6.183800e-02	8.095705e-02
6.365000e-02	8.111574e-02
6.547500e-02	8.126215e-02
6.732500e-02	8.139769e-02
6.917500e-02	8.152119e-02
7.103800e-02	8.163431e-02
7.291300e-02	8.173776e-02
7.481300e-02	8.183288e-02
7.671300e-02	8.191920e-02
7.863800e-02	8.199858e-02
8.056300e-02	8.207074e-02
8.251300e-02	8.213730e-02
8.446300e-02	8.219809e-02
8.643800e-02	8.225453e-02
8.842500e-02	8.230680e-02
9.042500e-02	8.235550e-02
9.243800e-02	8.240116e-02
9.446300e-02	8.244424e-02
9.650000e-02	8.248520e-02
9.856300e-02	8.252472e-02
1.006250e-01	8.256265e-02
1.027120e-01	8.259983e-02
1.048130e-01	8.263636e-02
1.069250e-01	8.267246e-02
1.090500e-01	8.270841e-02
1.111880e-01	8.274444e-02
1.133500e-01	8.278092e-02
1.155250e-01	8.281783e-02
1.177120e-01	8.285530e-02
1.199120e-01	8.289347e-02
1.221250e-01	8.293244e-02
1.243620e-01	8.297249e-02
1.266120e-01	8.301350e-02
1.288750e-01	8.305551e-02
1.311500e-01	8.309854e-02
1.334500e-01	8.314287e-02
1.357620e-01	8.318826e-02
1.380870e-01	8.323474e-02
1.404370e-01	8.328254e-02
1.427880e-01	8.333116e-02
1.451620e-01	8.338103e-02
1.475630e-01	8.343222e-02
1.499750e-01	8.348437e-02
1.524000e-01	8.353746e-02
1.548380e-01	8.359147e-02
1.573000e-01	8.364659e-02
1.597750e-01	8.370254e-02
1.622620e-01	8.375925e-02
1.647750e-01	8.381698e-02
1.673130e-01	8.387567e-02
1.698500e-01	8.393467e-02
1.724120e-01	8.399453e-02
1.750000e-01	8.405522e-02
1.776000e-01	8.411638e-02
1.802120e-01	8.417795e-02
1.828500e-01	8.424021e-02
1.855000e-01	8.430279e-02
1.881750e-01	8.436595e-02
1.908630e-01	8.442937e-02
1.935750e-01	8.449326e-02
1.963000e-01	8.455732e-02
1.990500e-01	8.462181e-02
2.018130e-01	8.468639e-02
2.046000e-01	8.475130e-02
2.074120e-01	8.481652e-02
2.102380e-01	8.488177e-02
2.130750e-01	8.494696e-02
2.159370e-01	8.501237e-02
2.188250e-01	8.507801e-02
2.217250e-01	8.514353e-02
2.246500e-01	8.520921e-02
2.275880e-01	8.527476e-02
2.305620e-01	8.534067e-02
2.335370e-01	8.540615e-02
2.365500e-01	8.547201e-02
2.395750e-01	8.553765e-02
2.426250e-01	8.560335e-02
2.456870e-01	8.566883e-02
2.487750e-01	8.573437e-02
2.518880e-01	8.579993e-02
2.550250e-01	8.586550e-02
2.581750e-01	8.593084e-02
2.613500e-01	8.599618e-02
2.645500e-01	8.606153e-02
2.677630e-01	8.612664e-02
2.710130e-01	8.619199e-02
2.742750e-01	8.625707e-02
2.775620e-01	8.632214e-02
2.808750e-01	8.638722e-02
2.842000e-01	8.645202e-02
2.875620e-01	8.651705e-02
2.909380e-01	8.658184e-02
2.943500e-01	8.664682e-02
2.977750e-01	8.671154e-02
3.012250e-01	8.677624e-02
3.047000e-01	8.684091e-02
3.082000e-01	8.690554e-02
3.117130e-01	8.696992e-02
3.152620e-01	8.703445e-02
3.188370e-01	8.709896e-02
3.224370e-01	8.716342e-02
3.260500e-01	8.722760e-02
3.297000e-01	8.729193e-02
3.333750e-01	8.735619e-02
3.370750e-01	8.742038e-02
3.407880e-01	8.748426e-02
3.445370e-01	8.754824e-02
3.483120e-01	8.761213e-02
3.521130e-01	8.767592e-02
3.559380e-01	8.773955e-02
3.598000e-01	8.780324e-02
3.636750e-01	8.786657e-02
3.675880e-01	8.792994e-02
3.715130e-01	8.799291e-02
3.754750e-01	8.805586e-02
3.794630e-01	8.811860e-02
3.834870e-01	8.818127e-02
3.875250e-01	8.824350e-02
3.916000e-01	8.830563e-02
3.957000e-01	8.836744e-02
3.998370e-01	8.842910e-02
4.039870e-01	8.849023e-02
4.081750e-01	8.855117e-02
4.123870e-01	8.861168e-02
4.166380e-01	8.867196e-02
4.209130e-01	8.873175e-02
4.252130e-01	8.879106e-02
4.295500e-01	8.885000e-02
4.339120e-01	8.890840e-02
4.383130e-01	8.896639e-02
4.427370e-01	8.902375e-02
4.471880e-01	8.908048e-02
4.516750e-01	8.913666e-02
4.561870e-01	8.919214e-02
4.607370e-01	8.924702e-02
4.653250e-01	8.930127e-02
4.699250e-01	8.935455e-02
4.745750e-01	8.940726e-02
4.792500e-01	8.945908e-02
4.839630e-01	8.951010e-02
4.887000e-01	8.956016e-02
4.934750e-01	8.960934e-02
4.982750e-01	8.965749e-02
5.031250e-01	8.970480e-02
5.080000e-01	8.975100e-02
5.129000e-01	8.979604e-02
5.178500e-01	8.984013e-02
5.228250e-01	8.988298e-02
5.278250e-01	8.992457e-02
5.328750e-01	8.996507e-02
5.379500e-01	9.000422e-02
5.430750e-01	9.004220e-02
5.482250e-01	9.007876e-02
5.534120e-01	9.011395e-02
5.586250e-01	9.014768e-02
5.638870e-01	9.018004e-02
5.691880e-01	9.021094e-02
5.745120e-01	9.024025e-02
5.798880e-01	9.026808e-02
5.852880e-01	9.029427e-02
5.907380e-01	9.031889e-02
5.962130e-01	9.034181e-02
6.017370e-01	9.036310e-02
6.072880e-01	9.038263e-02
6.128880e-01	9.040045e-02
6.185250e-01	9.041649e-02
6.242000e-01	9.043073e-02
6.299120e-01	9.044313e-02
6.356620e-01	9.045368e-02
6.414500e-01	9.046235e-02
6.472870e-01	9.046913e-02
6.531620e-01	9.047397e-02
6.590750e-01	9.047687e-02
6.650250e-01	9.047780e-02
6.710250e-01	9.047674e-02
6.770630e-01	9.047368e-02
6.831370e-01	9.046861e-02
6.892630e-01	9.046149e-02
6.954250e-01	9.045233e-02
7.016380e-01	9.044111e-02
7.078870e-01	9.042782e-02
7.141750e-01	9.041247e-02
7.205130e-01	9.039503e-02
7.269000e-01	9.037548e-02
7.333250e-01	9.035385e-02
7.397880e-01	9.033016e-02
7.463000e-01	9.030437e-02
7.528630e-01	9.027646e-02
7.594620e-01	9.024651e-02
7.661130e-01	9.021446e-02
7.728120e-01	9.018032e-02
7.795620e-01	9.014409e-02
7.863500e-01	9.010586e-02
7.931870e-01	9.006559e-02
8.000750e-01	9.002326e-02
8.070000e-01	8.997900e-02
8.139870e-01	8.993267e-02
8.210120e-01	8.988443e-02
8.280880e-01	8.983424e-02
8.352130e-01	8.978214e-02
8.423870e-01	8.972815e-02
8.496120e-01	8.967228e-02
8.568880e-01	8.961458e-02
8.642130e-01	8.955509e-02
8.715880e-01	8.949384e-02
8.790250e-01	8.943077e-02
8.865000e-01	8.936612e-02
8.940370e-01	8.929974e-02
9.016130e-01	8.923186e-02
9.092500e-01	8.916235e-02
9.169370e-01	8.909134e-02
9.246880e-01	8.901876e-02
9.324750e-01	8.894493e-02
9.403250e-01	8.886963e-02
9.482370e-01	8.879295e-02
9.561870e-01	8.871516e-02
9.642120e-01	8.863597e-02
9.722750e-01	8.855580e-02
9.804000e-01	8.847447e-02
9.885870e-01	8.839206e-02
9.968250e-01	8.830873e-02
1.005130e+00	8.822440e-02
1.013470e+00	8.813946e-02
1.021890e+00	8.805352e-02
1.030350e+00	8.796705e-02
1.038890e+00	8.787973e-02
1.047470e+00	8.779204e-02
1.056110e+00	8.770385e-02
1.064830e+00	8.761503e-02
1.073590e+00	8.752607e-02
1.082420e+00	8.743675e-02
1.091310e+00	8.734723e-02
1.100260e+00	8.725761e-02
1.109270e+00	8.716797e-02
1.118350e+00	8.707829e-02
1.127490e+00	8.698875e-02
1.136690e+00	8.689944e-02
1.145950e+00	8.681044e-02
1.155290e+00	8.672164e-02
1.164670e+00	8.663352e-02
1.174140e+00	8.654568e-02
1.183660e+00	8.645859e-02
1.193250e+00	8.637215e-02
1.202910e+00	8.628644e-02
1.212640e+00	8.620157e-02
1.222420e+00	8.611777e-02
1.232290e+00	8.603481e-02
1.242210e+00	8.595311e-02
1.252210e+00	8.587249e-02
1.262270e+00	8.579322e-02
1.272410e+00	8.571522e-02
1.282620e+00	8.563866e-02
1.292900e+00	8.556362e-02
1.303250e+00	8.549018e-02
1.313660e+00	8.541851e-02
1.324160e+00	8.534847e-02
1.334730e+00	8.528029e-02
1.345360e+00	8.521412e-02
1.356080e+00	8.514984e-02
1.366860e+00	8.508771e-02
1.377730e+00	8.502766e-02
1.388660e+00	8.496990e-02
1.399660e+00	8.491447e-02
1.410760e+00	8.486130e-02
1.421920e+00	8.481065e-02
1.433160e+00	8.476249e-02
1.444490e+00	8.471687e-02
1.455890e+00	8.467394e-02
1.467360e+00	8.463374e-02
1.478920e+00	8.459629e-02
1.490560e+00	8.456168e-02
1.502270e+00	8.452999e-02
1.514080e+00	8.450122e-02
1.525960e+00	8.447549e-02
1.537930e+00	8.445281e-02
1.549960e+00	8.443329e-02
1.562100e+00	8.441691e-02
1.574310e+00	8.440376e-02
1.586610e+00	8.439387e-02
1.599000e+00	8.438728e-02
1.611460e+00	8.438405e-02
1.624020e+00	8.438421e-02
1.636660e+00	8.438779e-02
1.649400e+00	8.439484e-02
1.662210e+00	8.440536e-02
1.675130e+00	8.441942e-02
1.688130e+00	8.443701e-02
1.701210e+00	8.445816e-02
1.714390e+00	8.448290e-02
1.727660e+00	8.451125e-02
1.741020e+00	8.454320e-02
1.754470e+00	8.457878e-02
1.768030e+00	8.461804e-02
1.781660e+00	8.466087e-02
1.795400e+00	8.470740e-02
1.809240e+00	8.475759e-02
1.823160e+00	8.481136e-02
1.837190e+00	8.486881e-02
1.851300e+00	8.492981e-02
1.865530e+00	8.499452e-02
1.879840e+00	8.506274e-02
1.894260e+00	8.513458e-02
1.908770e+00	8.520991e-02
1.923390e+00	8.528882e-02
1.938110e+00	8.537121e-02
1.952920e+00	8.545699e-02
1.967850e+00	8.554630e-02
1.982870e+00	8.563890e-02
1.998010e+00	8.573495e-02
2.013250e+00	8.583425e-02
2.028590e+00	8.593677e-02
2.044040e+00	8.604250e-02
2.059590e+00	8.615131e-02
2.075250e+00	8.626321e-02
2.091030e+00	8.637820e-02
2.106910e+00	8.649608e-02
2.122900e+00	8.661682e-02
2.139000e+00	8.674036e-02
2.155210e+00	8.686662e-02
2.171540e+00	8.699558e-02
2.187970e+00	8.712700e-02
2.204520e+00	8.726095e-02
2.221200e+00	8.739741e-02
2.237970e+00	8.753596e-02
2.254870e+00	8.767683e-02
2.271900e+00	8.781992e-02
2.289030e+00	8.796485e-02
2.306290e+00	8.811179e-02
2.323650e+00	8.826036e-02
2.341150e+00	8.841078e-02
2.358760e+00	8.856268e-02
2.376500e+00	8.871611e-02
2.394360e+00	8.887086e-02
2.412340e+00	8.902680e-02
2.430450e+00	8.918390e-02
2.448690e+00	8.934201e-02
2.467040e+00	8.950083e-02
2.485520e+00	8.966040e-02
2.504150e+00	8.982075e-02
2.522890e+00	8.998139e-02
2.541760e+00	9.014236e-02
2.560760e+00	9.030352e-02
2.579900e+00	9.046479e-02
2.599170e+00	9.062595e-02
2.618580e+00	9.078693e-02
2.638110e+00	9.094742e-02
2.657790e+00	9.110751e-02
2.677600e+00	9.126687e-02
2.697540e+00	9.142536e-02
2.717620e+00	9.158291e-02
2.737850e+00	9.173943e-02
2.758210e+00	9.189460e-02
2.778720e+00	9.204843e-02
2.799380e+00	9.220075e-02
2.820160e+00	9.235119e-02
2.841100e+00	9.249987e-02
2.862170e+00	9.264642e-02
2.883400e+00	9.279089e-02
2.904770e+00	9.293298e-02
2.926300e+00	9.307267e-02
2.947960e+00	9.320960e-02
2.969790e+00	9.334387e-02
2.991760e+00	9.347512e-02
3.013890e+00	9.360333e-02
3.036160e+00	9.372823e-02
3.058590e+00	9.384976e-02
3.081180e+00	9.396778e-02
3.103920e+00	9.408207e-02
3.126830e+00	9.419259e-02
3.149890e+00	9.429909e-02
3.173100e+00	9.440143e-02
3.196490e+00	9.449958e-02
3.220030e+00	9.459328e-02
3.243740e+00	9.468247e-02
3.267610e+00	9.476696e-02
3.291650e+00	9.484665e-02
3.315850e+00	9.492139e-02
3.340210e+00	9.499103e-02
3.364760e+00	9.505554e-02
3.389460e+00	9.511468e-02
3.414350e+00	9.516843e-02
3.439400e+00	9.521659e-02
3.464620e+00	9.525909e-02
3.490030e+00	9.529583e-02
3.515610e+00	9.532668e-02
3.541360e+00	9.535154e-02
3.567300e+00	9.537033e-02
3.593410e+00	9.538293e-02
3.619710e+00	9.538926e-02
3.646190e+00	9.538924e-02
3.672850e+00	9.538279e-02
3.699690e+00	9.536982e-02
3.726730e+00	9.535027e-02
3.753940e+00	9.532407e-02
3.781350e+00	9.529115e-02
3.808950e+00	9.525146e-02
3.836740e+00	9.520495e-02
3.864710e+00	9.515160e-02
3.892890e+00	9.509130e-02
3.921260e+00	9.502407e-02
3.949830e+00	9.494985e-02
3.978590e+00	9.486866e-02
4.007560e+00	9.478042e-02
4.036730e+00	9.468516e-02
4.066090e+00	9.458291e-02
4.095660e+00	9.447360e-02
4.125440e+00	9.435725e-02
4.155430e+00	9.423387e-02
4.185610e+00	9.410359e-02
4.216010e+00	9.396630e-02
4.246620e+00	9.382208e-02
4.277440e+00	9.367100e-02
4.308480e+00	9.351305e-02
4.339730e+00	9.334835e-02
4.371200e+00	9.317691e-02
4.402890e+00	9.299882e-02
4.434790e+00	9.281423e-02
4.466910e+00	9.262316e-02
4.499260e+00	9.242566e-02
4.531840e+00	9.222184e-02
4.564640e+00	9.201189e-02
4.597660e+00	9.179592e-02
4.630930e+00	9.157388e-02
4.664410e+00	9.134618e-02
4.698120e+00	9.111283e-02
4.732080e+00	9.087386e-02
4.766260e+00	9.062964e-02
4.800690e+00	9.038014e-02
4.835350e+00	9.012569e-02
4.870260e+00	8.986633e-02
4.905400e+00	8.960241e-02
4.940790e+00	8.933399e-02
4.976430e+00	8.906130e-02
5.012310e+00	8.878463e-02
5.048440e+00	8.850415e-02
5.084810e+00	8.822018e-02
5.121450e+00	8.793273e-02
5.158340e+00	8.764222e-02
5.195480e+00	8.734893e-02
5.232870e+00	8.705313e-02
5.270540e+00	8.675487e-02
5.308460e+00	8.645468e-02
5.346640e+00	8.615279e-02
5.385090e+00	8.584942e-02
5.423800e+00	8.554498e-02
5.462790e+00	8.523964e-02
5.502040e+00	8.493389e-02
5.541560e+00	8.462799e-02
5.581360e+00	8.432222e-02
5.621440e+00	8.401694e-02
5.661790e+00	8.371260e-02
5.702410e+00	8.340955e-02
5.743340e+00	8.310790e-02
5.784520e+00	8.280846e-02
5.826010e+00	8.251121e-02
5.867790e+00	8.221669e-02
5.909840e+00	8.192546e-02
5.952190e+00	8.163771e-02
5.994840e+00	8.135389e-02
6.037780e+00	8.107448e-02
6.081010e+00	8.079992e-02
6.124550e+00	8.053054e-02
6.168400e+00	8.026678e-02
6.212540e+00	8.000923e-02
6.256990e+00	7.975823e-02
6.301750e+00	7.951424e-02
6.346810e+00	7.927780e-02
6.392200e+00	7.904923e-02
6.437890e+00	7.882917e-02
6.483900e+00	7.861801e-02
6.530240e+00	7.841620e-02
6.576890e+00	7.822433e-02
6.623860e+00	7.804286e-02
6.671160e+00	7.787226e-02
6.718790e+00	7.771305e-02
6.766750e+00	7.756573e-02
6.815040e+00	7.743084e-02
6.863660e+00	7.730889e-02
6.912620e+00	7.720039e-02
6.961930e+00	7.710584e-02
7.011580e+00	7.702581e-02
7.061560e+00	7.696083e-02
7.111900e+00	7.691141e-02
7.162570e+00	7.687812e-02
7.213610e+00	7.686146e-02
7.265000e+00	7.686199e-02
7.316750e+00	7.688026e-02
7.368850e+00	7.691681e-02
7.421310e+00	7.697218e-02
7.474150e+00	7.704696e-02
7.527340e+00	7.714163e-02
7.580900e+00	7.725678e-02
7.634840e+00	7.739298e-02
7.689150e+00	7.755075e-02
7.743820e+00	7.773060e-02
7.798900e+00	7.793323e-02
7.854340e+00	7.815902e-02
7.910170e+00	7.840862e-02
7.966390e+00	7.868256e-02
8.023000e+00	7.898138e-02
8.079990e+00	7.930557e-02
8.137390e+00	7.965581e-02
8.195180e+00	8.003252e-02
8.253380e+00	8.043634e-02
8.311960e+00	8.086759e-02
8.370970e+00	8.132714e-02
8.430390e+00	8.181537e-02
8.490200e+00	8.233260e-02
8.550440e+00	8.287967e-02
8.611100e+00	8.345700e-02
8.672180e+00	8.406508e-02
8.733680e+00	8.470438e-02
8.795600e+00	8.537539e-02
8.857950e+00	8.607867e-02
8.920740e+00	8.681481e-02
8.983960e+00	8.758414e-02
9.047620e+00	8.838724e-02
9.111720e+00	8.922454e-02
9.176260e+00	9.009648e-02
9.241260e+00	9.100375e-02
9.306700e+00	9.194650e-02
9.372600e+00	9.292541e-02
9.438950e+00	9.394073e-02
9.505780e+00	9.499332e-02
9.573050e+00	9.608293e-02
9.640790e+00	9.721039e-02
9.709000e+00	9.837607e-02
9.777690e+00	9.958049e-02
9.846850e+00	1.008238e-01
9.916490e+00	1.021065e-01
9.986610e+00	1.034290e-01
1.005720e+01	1.047912e-01
1.012830e+01	1.061944e-01
1.019990e+01	1.076385e-01
1.027200e+01	1.091239e-01
1.034460e+01	1.106508e-01
1.041770e+01	1.122194e-01
1.049130e+01	1.138300e-01
1.056540e+01	1.154827e-01
1.064000e+01	1.171778e-01
1.071520e+01	1.189178e-01
1.079080e+01	1.206981e-01
1.086700e+01	1.225237e-01
1.094370e+01	1.243922e-01
1.102100e+01	1.263063e-01
1.109870e+01	1.282611e-01
1.117710e+01	1.302643e-01
1.125590e+01	1.323083e-01
1.133530e+01	1.343982e-01
1.141530e+01	1.365342e-01
1.149580e+01	1.387137e-01
1.157690e+01	1.409394e-01
1.165850e+01	1.432085e-01
1.174070e+01	1.455238e-01
1.182350e+01	1.478853e-01
1.190680e+01	1.502900e-01
1.199070e+01	1.527408e-01
1.207520e+01	1.552376e-01
1.216030e+01	1.577803e-01
1.224600e+01	1.603689e-01
1.233230e+01	1.630031e-01
1.241920e+01	1.656829e-01
1.250660e+01	1.684050e-01
1.259470e+01	1.711754e-01
1.268340e+01	1.739907e-01
1.277270e+01	1.768509e-01
1.286260e+01	1.797555e-01
1.295320e+01	1.827077e-01
1.304430e+01	1.857006e-01
1.313610e+01	1.887404e-01
1.322860e+01	1.918270e-01
1.332170e+01	1.949566e-01
1.341540e+01	1.981289e-01
1.350980e+01	2.013470e-01
1.360480e+01	2.046069e-01
1.370050e+01	2.079119e-01
1.379680e+01	2.112579e-01
1.389390e+01	2.146516e-01
1.399160e+01	2.180854e-01
1.408990e+01	2.215590e-01
1.418900e+01	2.250789e-01
1.428870e+01	2.286375e-01
1.438910e+01	2.322379e-01
1.449030e+01	2.358830e-01
1.459210e+01	2.395652e-01
1.469460e+01	2.432875e-01
1.479790e+01	2.470530e-01
1.490180e+01	2.508537e-01
1.500650e+01	2.546964e-01
1.511190e+01	2.585767e-01
1.521810e+01	2.624977e-01
1.532490e+01	2.664513e-01
1.543260e+01	2.704480e-01
1.554090e+01	2.744759e-01
1.565000e+01	2.785417e-01
1.575990e+01	2.826447e-01
1.587050e+01	2.867805e-01
1.598190e+01	2.909519e-01
1.609410e+01	2.951583e-01
1.620700e+01	2.993950e-01
1.632080e+01	3.036688e-01
1.643530e+01	3.079714e-01
1.655060e+01	3.123057e-01
1.666670e+01	3.166707e-01
1.678360e+01	3.210657e-01
1.690130e+01	3.254898e-01
1.701990e+01	3.299459e-01
1.713920e+01	3.344255e-01
1.725940e+01	3.389352e-01
1.738040e+01	3.434703e-01
1.750230e+01	3.480338e-01
1.762500e+01	3.526207e-01
1.774860e+01	3.572341e-01
1.787300e+01	3.618690e-01
1.799830e+01	3.665283e-01
1.812440e+01	3.712073e-01
1.825140e+01	3.759087e-01
1.837930e+01	3.806314e-01
1.850810e+01	3.853745e-01
1.863780e+01	3.901368e-01
1.876840e+01	3.949174e-01
1.889990e+01	3.997152e-01
1.903220e+01	4.045255e-01
1.916560e+01	4.093581e-01
1.929980e+01	4.142012e-01
1.943500e+01	4.190607e-01
1.957110e+01	4.239321e-01
1.970810e+01	4.288143e-01
1.984610e+01	4.337097e-01
1.998510e+01	4.386172e-01
2.012500e+01	4.435322e-01
2.026590e+01	4.484570e-01
2.040770e+01	4.533871e-01
2.055060e+01	4.583283e-01
2.069440e+01	4.632725e-01
2.083920e+01	4.682221e-01
2.098510e+01	4.731794e-01
2.113190e+01	4.781363e-01
2.127980e+01	4.830986e-01
2.142870e+01	4.880617e-01
2.157860e+01	4.930244e-01
2.172960e+01	4.979890e-01
2.188160e+01	5.029510e-01
2.203460e+01	5.079094e-01
2.218880e+01	5.128693e-01
2.234400e+01	5.178233e-01
2.250020e+01	5.227702e-01
2.265760e+01	5.277152e-01
2.281600e+01	5.326509e-01
2.297550e+01	5.375792e-01
2.313620e+01	5.425022e-01
2.329800e+01	5.474156e-01
2.346080e+01	5.523153e-01
2.362480e+01	5.572062e-01
2.379000e+01	5.620871e-01
2.395630e+01	5.669540e-01
2.412370e+01	5.718058e-01
2.429230e+01	5.766443e-01
2.446210e+01	5.814683e-01
2.463310e+01	5.862769e-01
2.480520e+01	5.910660e-01
2.497850e+01	5.958375e-01
2.515300e+01	6.005902e-01
2.532880e+01	6.053258e-01
2.550570e+01	6.100379e-01
2.568390e+01	6.147308e-01
2.586330e+01	6.194008e-01
2.604400e+01	6.240494e-01
2.622590e+01	6.286731e-01
2.640910e+01	6.332734e-01
2.659350e+01	6.378468e-01
2.677930e+01	6.423973e-01
2.696630e+01	6.469190e-01
2.715460e+01	6.514133e-01
2.734420e+01	6.558794e-01
2.753510e+01	6.603163e-01
2.772740e+01	6.647254e-01
2.792090e+01	6.691011e-01
2.811590e+01	6.734495e-01
2.831210e+01	6.777628e-01
2.850980e+01	6.820468e-01
2.870880e+01	6.862963e-01
2.890920e+01	6.905126e-01
2.911100e+01	6.946949e-01
2.931410e+01	6.988403e-01
2.951870e+01	7.029520e-01
2.972470e+01	7.070273e-01
2.993210e+01	7.110654e-01
3.014100e+01	7.150675e-01
3.035130e+01	7.190308e-01
3.056310e+01	7.229567e-01
3.077630e+01	7.268424e-01
3.099110e+01	7.306910e-01
3.120730e+01	7.344982e-01
3.142500e+01	7.382650e-01
3.164420e+01	7.419909e-01
3.186490e+01	7.456753e-01
3.208720e+01	7.493191e-01
3.231100e+01	7.529202e-01
3.253630e+01	7.564780e-01
3.276320e+01	7.599935e-01
3.299170e+01	7.634661e-01
3.322180e+01	7.668954e-01
3.345350e+01	7.702808e-01
3.368670e+01	7.736204e-01
3.392160e+01	7.769166e-01
3.415820e+01	7.801688e-01
3.439630e+01	7.833740e-01
3.463610e+01	7.865345e-01
3.487760e+01	7.896497e-01
3.512080e+01	7.927194e-01
3.536560e+01	7.957419e-01
3.561210e+01	7.987181e-01
3.586040e+01	8.016490e-01
3.611030e+01	8.045317e-01
3.636200e+01	8.073685e-01
3.661540e+01	8.101578e-01
3.687060e+01	8.129005e-01
3.712760e+01	8.155965e-01
3.738630e+01	8.182443e-01
3.764690e+01	8.208460e-01
3.790920e+01	8.233992e-01
3.817340e+01	8.259059e-01
3.843940e+01	8.283648e-01
3.870720e+01	8.307760e-01
3.897690e+01	8.331401e-01
3.924850e+01	8.354572e-01
3.952190e+01	8.377263e-01
3.979720e+01	8.399482e-01
4.007450e+01	8.421236e-01
4.035360e+01	8.442511e-01
4.063480e+01	8.463328e-01
4.091780e+01	8.483665e-01
4.120280e+01	8.503539e-01
4.148980e+01	8.522948e-01
4.177880e+01	8.541894e-01
4.206980e+01	8.560378e-01
4.236280e+01	8.578401e-01
4.265780e+01	8.595964e-01
4.295490e+01	8.613075e-01
4.325400e+01	8.629729e-01
4.355520e+01	8.645933e-01
4.385850e+01	8.661690e-01
4.416390e+01	8.677002e-01
4.447150e+01	8.691875e-01
4.478110e+01	8.706303e-01
4.509290e+01	8.720297e-01
4.540680e+01	8.733855e-01
4.572300e+01	8.746990e-01
4.604130e+01	8.759694e-01
4.636180e+01	8.771977e-01
4.668460e+01	8.783844e-01
4.700960e+01	8.795295e-01
4.733680e+01	8.806334e-01
4.766630e+01	8.816968e-01
4.799810e+01	8.827201e-01
4.833220e+01	8.837036e-01
4.866860e+01	8.846477e-01
4.900740e+01	8.855531e-01
4.934840e+01	8.864198e-01
4.969190e+01	8.872488e-01
5.003770e+01	8.880403e-01
5.038600e+01	8.887950e-01
5.073660e+01	8.895130e-01
5.108970e+01	8.901953e-01
5.144520e+01	8.908420e-01
5.180320e+01	8.914539e-01
5.216370e+01	8.920315e-01
5.252660e+01	8.925751e-01
5.289210e+01	8.930856e-01
5.326010e+01	8.935633e-01
5.363070e+01	8.940089e-01
5.400380e+01	8.944228e-01
5.437960e+01	8.948059e-01
5.475790e+01	8.951584e-01
5.513880e+01	8.954810e-01
5.552240e+01	8.957745e-01
5.590870e+01	8.960393e-01
5.629760e+01	8.962759e-01
5.668920e+01	8.964851e-01
5.708360e+01	8.966675e-01
5.748060e+01	8.968236e-01
5.788050e+01	8.969541e-01
5.828310e+01	8.970595e-01
5.868840e+01	8.971405e-01
5.909660e+01	8.971977e-01
5.950760e+01	8.972318e-01
5.992150e+01	8.972433e-01
6.033830e+01	8.972329e-01
6.075790e+01	8.972012e-01
6.118040e+01	8.971488e-01
6.160590e+01	8.970764e-01
6.203430e+01	8.969846e-01
6.246570e+01	8.968740e-01
6.290010e+01	8.967452e-01
6.333750e+01	8.965989e-01
6.377790e+01	8.964358e-01
6.422140e+01	8.962563e-01
6.466790e+01	8.960612e-01
6.511760e+01	8.958510e-01
6.557030e+01	8.956265e-01
6.602620e+01	8.953882e-01
6.648530e+01	8.951367e-01
6.694750e+01	8.948726e-01
6.741300e+01	8.945965e-01
6.788160e+01	8.943092e-01
6.835360e+01	8.940110e-01
6.882880e+01	8.937028e-01
6.930720e+01	8.933850e-01
6.978900e+01	8.930583e-01
7.027420e+01	8.927231e-01
7.076270e+01	8.923802e-01
7.125460e+01	8.920300e-01
7.174990e+01	8.916733e-01
7.224860e+01	8.913104e-01
7.275080e+01	8.909421e-01
7.325650e+01	8.905687e-01
7.376560e+01	8.901911e-01
7.427830e+01	8.898095e-01
7.479460e+01	8.894246e-01
7.531440e+01	8.890369e-01
7.583790e+01	8.886469e-01
7.636500e+01	8.882552e-01
7.689570e+01	8.878623e-01
7.743010e+01	8.874686e-01
7.796820e+01	8.870746e-01
7.851000e+01	8.866809e-01
7.905560e+01	8.862880e-01
7.960500e+01	8.858961e-01
8.015820e+01	8.855060e-01
8.071520e+01	8.851180e-01
8.127600e+01	8.847326e-01
8.184080e+01	8.843501e-01
8.240950e+01	8.839710e-01
8.298210e+01	8.835958e-01
8.355870e+01	8.832249e-01
8.413930e+01	8.828586e-01
8.472390e+01	8.824974e-01
8.531260e+01	8.821415e-01
8.590530e+01	8.817916e-01
8.650220e+01	8.814478e-01
8.710320e+01	8.811105e-01
8.770830e+01	8.807801e-01
8.831770e+01	8.804570e-01
8.893130e+01	8.801413e-01
8.954910e+01	8.798336e-01
9.017120e+01	8.795340e-01
9.079760e+01	8.792429e-01
9.142840e+01	8.789605e-01
9.206350e+01	8.786872e-01
9.270300e+01	8.784232e-01
9.334700e+01	8.781687e-01
9.399550e+01	8.779240e-01
9.464840e+01	8.776894e-01
9.530580e+01	8.774651e-01
9.596790e+01	8.772512e-01
9.663450e+01	8.770480e-01
9.730570e+01	8.768557e-01
9.798160e+01	8.766745e-01
9.866210e+01	8.765045e-01
9.934740e+01	8.763459e-01
1.000370e+02	8.761990e-01
1.007320e+02	8.760637e-01
1.014320e+02	8.759401e-01
1.021360e+02	8.758287e-01
1.028460e+02	8.757292e-01
1.035600e+02	8.756420e-01
1.042790e+02	8.755671e-01
1.050030e+02	8.755045e-01
1.057330e+02	8.754543e-01
1.064670e+02	8.754167e-01
1.072060e+02	8.753916e-01
1.079510e+02	8.753790e-01
1.087010e+02	8.753792e-01
1.094550e+02	8.753919e-01
1.102150e+02	8.754173e-01
1.109810e+02	8.754555e-01
1.117520e+02	8.755062e-01
1.125280e+02	8.755697e-01
1.133090e+02	8.756457e-01
1.140960e+02	8.757343e-01
1.148880e+02	8.758355e-01
1.156860e+02	8.759492e-01
1.164890e+02	8.760753e-01
1.172980e+02	8.762138e-01
1.181120e+02	8.763645e-01
1.189320e+02	8.765274e-01
1.197580e+02	8.767026e-01
1.205900e+02	8.768898e-01
1.214270e+02	8.770887e-01
1.222700e+02	8.772994e-01
1.231190e+02	8.775219e-01
1.239740e+02	8.777558e-01
1.248350e+02	8.780012e-01
1.257010e+02	8.782575e-01
1.265740e+02	8.785251e-01
1.274530e+02	8.788036e-01
1.283380e+02	8.790928e-01
1.292290e+02	8.793924e-01
1.301260e+02	8.797024e-01
1.310290e+02	8.800224e-01
1.319390e+02	8.803526e-01
1.328550e+02	8.806924e-01
1.337770e+02	8.810416e-01
1.347060e+02	8.814003e-01
1.356410e+02	8.817679e-01
1.365820e+02	8.821441e-01
1.375300e+02	8.825291e-01
1.384850e+02	8.829227e-01
1.394460e+02	8.833240e-01
1.404140e+02	8.837333e-01
1.413890e+02	8.841503e-01
1.423710e+02	8.845748e-01
1.433590e+02	8.850058e-01
1.443540e+02	8.854437e-01
1.453560e+02	8.858881e-01
1.463650e+02	8.863387e-01
1.473810e+02	8.867952e-01
1.484040e+02	8.872573e-01
1.494340e+02	8.877246e-01
1.504710e+02	8.881968e-01
1.515160e+02	8.886740e-01
1.525670e+02	8.891551e-01
1.536260e+02	8.896405e-01
1.546920e+02	8.901295e-01
1.557660e+02	8.906222e-01
1.568470e+02	8.911178e-01
1.579360e+02	8.916164e-01
1.590320e+02	8.921171e-01
1.601360e+02	8.926201e-01
1.612470e+02	8.931246e-01
1.623660e+02	8.936306e-01
1.634930e+02	8.941378e-01
1.646280e+02	8.946459e-01
1.657700e+02	8.951539e-01
1.669210e+02	8.956625e-01
1.680790e+02	8.961704e-01
1.692450e+02	8.966776e-01
1.704200e+02	8.971843e-01
1.716030e+02	8.976895e-01
1.727940e+02	8.981930e-01
1.739930e+02	8.986943e-01
1.752000e+02	8.991931e-01
1.764160e+02	8.996895e-01
1.776400e+02	9.001825e-01
1.788730e+02	9.006724e-01
1.801140e+02	9.011582e-01
1.813640e+02	9.016400e-01
1.826230e+02	9.021175e-01
1.838900e+02	9.025898e-01
1.851660e+02	9.030570e-01
1.864510e+02	9.035188e-01
1.877450e+02	9.039746e-01
1.890470e+02	9.044239e-01
1.903590e+02	9.048669e-01
1.916800e+02	9.053030e-01
1.930100e+02	9.057317e-01
1.943490e+02	9.061527e-01
1.956980e+02	9.065660e-01
1.970560e+02	9.069708e-01
1.984230e+02	9.073669e-01
2.000000e+02	9.078094e-01
