#rate	A_maxlik	<A>	stdA	CI_5pc	CI_95pc
inf	1.210984e-01	1.210959e-01	1.599836e-05	1.210920e-01	1.210990e-01
1.000000e+00	0.000000e+00	0.000000e+00	0.000000e+00	0.000000e+00	0.000000e+00
8.128305e-01	0.000000e+00	0.000000e+00	0.000000e+00	0.000000e+00	0.000000e+00
6.606934e-01	0.000000e+00	0.000000e+00	0.000000e+00	0.000000e+00	0.000000e+00
5.370318e-01	0.000000e+00	0.000000e+00	0.000000e+00	0.000000e+00	0.000000e+00
4.365158e-01	0.000000e+00	0.000000e+00	0.000000e+00	0.000000e+00	0.000000e+00
3.548134e-01	0.000000e+00	0.000000e+00	0.000000e+00	0.000000e+00	0.000000e+00
2.884032e-01	0.000000e+00	0.000000e+00	0.000000e+00	0.000000e+00	0.000000e+00
2.344229e-01	0.000000e+00	0.000000e+00	0.000000e+00	0.000000e+00	0.000000e+00
1.905461e-01	0.000000e+00	0.000000e+00	0.000000e+00	0.000000e+00	0.000000e+00
1.548817e-01	0.000000e+00	0.000000e+00	0.000000e+00	0.000000e+00	0.000000e+00
1.258925e-01	0.000000e+00	0.000000e+00	0.000000e+00	0.000000e+00	0.000000e+00
1.023293e-01	0.000000e+00	0.000000e+00	0.000000e+00	0.000000e+00	0.000000e+00
8.317638e-02	0.000000e+00	0.000000e+00	0.000000e+00	0.000000e+00	0.000000e+00
6.760830e-02	0.000000e+00	0.000000e+00	0.000000e+00	0.000000e+00	0.000000e+00
5.495409e-02	0.000000e+00	0.000000e+00	0.000000e+00	0.000000e+00	0.000000e+00
4.466836e-02	0.000000e+00	0.000000e+00	0.000000e+00	0.000000e+00	0.000000e+00
3.630781e-02	0.000000e+00	0.000000e+00	0.000000e+00	0.000000e+00	0.000000e+00
2.951209e-02	0.000000e+00	0.000000e+00	0.000000e+00	0.000000e+00	0.000000e+00
2.398833e-02	0.000000e+00	0.000000e+00	0.000000e+00	0.000000e+00	0.000000e+00
1.949845e-02	0.000000e+00	0.000000e+00	0.000000e+00	0.000000e+00	0.000000e+00
1.584893e-02	0.000000e+00	0.000000e+00	0.000000e+00	0.000000e+00	0.000000e+00
1.288250e-02	0.000000e+00	0.000000e+00	0.000000e+00	0.000000e+00	0.000000e+00
1.047129e-02	0.000000e+00	0.000000e+00	0.000000e+00	0.000000e+00	0.000000e+00
8.511380e-03	0.000000e+00	0.000000e+00	0.000000e+00	0.000000e+00	0.000000e+00
6.918310e-03	1.408462e-02	1.428914e-02	1.401095e-03	1.401990e-02	1.463730e-02
5.623413e-03	1.533732e-01	1.533106e-01	1.617856e-03	1.530453e-01	1.538269e-01
4.570882e-03	9.995679e-02	9.986959e-02	5.690783e-04	9.973580e-02	9.998250e-02
3.715352e-03	4.573737e-02	4.561719e-02	1.742121e-03	4.473847e-02	4.575088e-02
3.019952e-03	0.000000e+00	0.000000e+00	0.000000e+00	0.000000e+00	0.000000e+00
2.454709e-03	0.000000e+00	0.000000e+00	0.000000e+00	0.000000e+00	0.000000e+00
1.995262e-03	0.000000e+00	0.000000e+00	0.000000e+00	0.000000e+00	0.000000e+00
1.621810e-03	0.000000e+00	0.000000e+00	0.000000e+00	0.000000e+00	0.000000e+00
1.318257e-03	0.000000e+00	0.000000e+00	0.000000e+00	0.000000e+00	0.000000e+00
1.071519e-03	0.000000e+00	0.000000e+00	0.000000e+00	0.000000e+00	0.000000e+00
8.709636e-04	0.000000e+00	0.000000e+00	0.000000e+00	0.000000e+00	0.000000e+00
7.079458e-04	0.000000e+00	0.000000e+00	0.000000e+00	0.000000e+00	0.000000e+00
5.754399e-04	0.000000e+00	0.000000e+00	0.000000e+00	0.000000e+00	0.000000e+00
4.677351e-04	0.000000e+00	0.000000e+00	0.000000e+00	0.000000e+00	0.000000e+00
3.801894e-04	0.000000e+00	0.000000e+00	0.000000e+00	0.000000e+00	0.000000e+00
3.090295e-04	0.000000e+00	0.000000e+00	0.000000e+00	0.000000e+00	0.000000e+00
2.511886e-04	0.000000e+00	0.000000e+00	0.000000e+00	0.000000e+00	0.000000e+00
2.041738e-04	0.000000e+00	0.000000e+00	0.000000e+00	0.000000e+00	0.000000e+00
1.659587e-04	0.000000e+00	0.000000e+00	0.000000e+00	0.000000e+00	0.000000e+00
1.348963e-04	6.447784e-02	6.536571e-02	6.487943e-03	6.423869e-02	6.770840e-02
1.096478e-04	1.041756e-01	1.043097e-01	3.899639e-03	1.040858e-01	1.062596e-01
8.912509e-05	5.824129e-02	5.793056e-02	2.221965e-03	5.717052e-02	5.832729e-02
7.244360e-05	7.173359e-03	6.260421e-03	9.124624e-03	1.672681e-03	7.362047e-03
5.888437e-05	0.000000e+00	0.000000e+00	0.000000e+00	0.000000e+00	0.000000e+00
4.786301e-05	0.000000e+00	0.000000e+00	0.000000e+00	0.000000e+00	0.000000e+00
3.890451e-05	0.000000e+00	0.000000e+00	0.000000e+00	0.000000e+00	0.000000e+00
3.162278e-05	0.000000e+00	0.000000e+00	0.000000e+00	0.000000e+00	0.000000e+00
2.570396e-05	0.000000e+00	0.000000e+00	0.000000e+00	0.000000e+00	0.000000e+00
2.089296e-05	0.000000e+00	0.000000e+00	0.000000e+00	0.000000e+00	0.000000e+00
1.698244e-05	0.000000e+00	0.000000e+00	0.000000e+00	0.000000e+00	0.000000e+00
1.380384e-05	0.000000e+00	0.000000e+00	0.000000e+00	0.000000e+00	0.000000e+00
1.122018e-05	0.000000e+00	0.000000e+00	0.000000e+00	0.000000e+00	0.000000e+00
9.120108e-06	0.000000e+00	0.000000e+00	0.000000e+00	0.000000e+00	0.000000e+00
7.413102e-06	0.000000e+00	0.000000e+00	0.000000e+00	0.000000e+00	0.000000e+00
6.025596e-06	0.000000e+00	0.000000e+00	0.000000e+00	0.000000e+00	0.000000e+00
4.897788e-06	0.000000e+00	0.000000e+00	0.000000e+00	0.000000e+00	0.000000e+00
3.981072e-06	0.000000e+00	0.000000e+00	0.000000e+00	0.000000e+00	0.000000e+00
3.235937e-06	0.000000e+00	0.000000e+00	0.000000e+00	0.000000e+00	0.000000e+00
2.630268e-06	0.000000e+00	0.000000e+00	0.000000e+00	0.000000e+00	0.000000e+00
2.137962e-06	0.000000e+00	0.000000e+00	0.000000e+00	0.000000e+00	0.000000e+00
1.737801e-06	0.000000e+00	0.000000e+00	0.000000e+00	0.000000e+00	0.000000e+00
1.412538e-06	0.000000e+00	0.000000e+00	0.000000e+00	0.000000e+00	0.000000e+00
1.148154e-06	6.013555e-02	6.765872e-02	7.276219e-02	5.848174e-02	1.026357e-01
9.332543e-07	1.265510e-01	1.261255e-01	1.301537e-02	1.206967e-01	1.269445e-01
7.585776e-07	4.362089e-02	3.537785e-02	7.357254e-02	0.000000e+00	4.555161e-02
6.165950e-07	0.000000e+00	0.000000e+00	0.000000e+00	0.000000e+00	0.000000e+00
5.011872e-07	0.000000e+00	0.000000e+00	0.000000e+00	0.000000e+00	0.000000e+00
4.073803e-07	0.000000e+00	0.000000e+00	0.000000e+00	0.000000e+00	0.000000e+00
3.311311e-07	0.000000e+00	0.000000e+00	0.000000e+00	0.000000e+00	0.000000e+00
2.691535e-07	0.000000e+00	0.000000e+00	0.000000e+00	0.000000e+00	0.000000e+00
2.187762e-07	0.000000e+00	0.000000e+00	0.000000e+00	0.000000e+00	0.000000e+00
1.778279e-07	0.000000e+00	0.000000e+00	0.000000e+00	0.000000e+00	0.000000e+00
1.445440e-07	0.000000e+00	0.000000e+00	0.000000e+00	0.000000e+00	0.000000e+00
1.174898e-07	0.000000e+00	0.000000e+00	0.000000e+00	0.000000e+00	0.000000e+00
9.549926e-08	0.000000e+00	0.000000e+00	0.000000e+00	0.000000e+00	0.000000e+00
7.762471e-08	0.000000e+00	0.000000e+00	0.000000e+00	0.000000e+00	0.000000e+00
6.309573e-08	0.000000e+00	0.000000e+00	0.000000e+00	0.000000e+00	0.000000e+00
5.128614e-08	0.000000e+00	0.000000e+00	0.000000e+00	0.000000e+00	0.000000e+00
4.168694e-08	0.000000e+00	0.000000e+00	0.000000e+00	0.000000e+00	0.000000e+00
3.388442e-08	0.000000e+00	0.000000e+00	0.000000e+00	0.000000e+00	0.000000e+00
2.754229e-08	0.000000e+00	0.000000e+00	0.000000e+00	0.000000e+00	0.000000e+00
2.238721e-08	0.000000e+00	0.000000e+00	0.000000e+00	0.000000e+00	0.000000e+00
1.819701e-08	0.000000e+00	0.000000e+00	0.000000e+00	0.000000e+00	0.000000e+00
1.479108e-08	0.000000e+00	0.000000e+00	0.000000e+00	0.000000e+00	0.000000e+00
1.202264e-08	0.000000e+00	0.000000e+00	0.000000e+00	0.000000e+00	0.000000e+00
9.772372e-09	0.000000e+00	0.000000e+00	0.000000e+00	0.000000e+00	0.000000e+00
7.943282e-09	0.000000e+00	0.000000e+00	0.000000e+00	0.000000e+00	0.000000e+00
6.456542e-09	0.000000e+00	0.000000e+00	0.000000e+00	0.000000e+00	0.000000e+00
5.248075e-09	0.000000e+00	0.000000e+00	0.000000e+00	0.000000e+00	0.000000e+00
4.265795e-09	0.000000e+00	0.000000e+00	0.000000e+00	0.000000e+00	0.000000e+00
3.467369e-09	0.000000e+00	0.000000e+00	0.000000e+00	0.000000e+00	0.000000e+00
2.818383e-09	0.000000e+00	0.000000e+00	0.000000e+00	0.000000e+00	0.000000e+00
2.290868e-09	0.000000e+00	0.000000e+00	0.000000e+00	0.000000e+00	0.000000e+00
1.862087e-09	0.000000e+00	0.000000e+00	0.000000e+00	0.000000e+00	0.000000e+00
1.513561e-09	0.000000e+00	0.000000e+00	0.000000e+00	0.000000e+00	0.000000e+00
1.230269e-09	0.000000e+00	0.000000e+00	0.000000e+00	0.000000e+00	0.000000e+00
