#step	w	sigma	tau	rho	neglogP	neglogP_Nterms	neglogP_Kterms
0	3.582859e-01	2.992850e-02	5.000000e-02	4.900000e-01	-3.031372e+03	-2.740973e+03	-2.903996e+02
1	3.636537e-01	3.015186e-02	5.000000e-02	4.800000e-01	-3.035362e+03	-2.744917e+03	-2.904452e+02
2	3.658726e-01	3.015186e-02	4.984815e-02	4.900000e-01	-3.035595e+03	-2.744898e+03	-2.906971e+02
3	3.743619e-01	3.049965e-02	4.984815e-02	4.800000e-01	-3.041420e+03	-2.750653e+03	-2.907674e+02
4	3.731957e-01	3.049965e-02	4.992598e-02	4.900000e-01	-3.041301e+03	-2.750663e+03	-2.906380e+02
5	3.936559e-01	3.049965e-02	4.861122e-02	4.800000e-01	-3.043338e+03	-2.750496e+03	-2.928421e+02
6	4.004570e-01	3.076199e-02	4.861122e-02	4.900000e-01	-3.047435e+03	-2.754539e+03	-2.928966e+02
7	4.149600e-01	3.076199e-02	4.775417e-02	4.800000e-01	-3.048781e+03	-2.754424e+03	-2.943567e+02
8	4.200811e-01	3.095123e-02	4.775417e-02	4.900000e-01	-3.051584e+03	-2.757187e+03	-2.943967e+02
9	4.262871e-01	3.117902e-02	4.775417e-02	4.800000e-01	-3.054793e+03	-2.760349e+03	-2.944446e+02
10	4.261151e-01	3.117902e-02	4.776381e-02	4.900000e-01	-3.054778e+03	-2.760350e+03	-2.944280e+02
11	4.251772e-01	3.114468e-02	4.776381e-02	4.900000e-01	-3.054306e+03	-2.759885e+03	-2.944209e+02
12	4.343430e-01	3.147860e-02	4.776381e-02	5.000000e-01	-3.058734e+03	-2.764244e+03	-2.944902e+02
13	4.282561e-01	3.147860e-02	4.810205e-02	5.100000e-01	-3.058199e+03	-2.764289e+03	-2.939102e+02
14	4.384894e-01	3.147860e-02	4.753744e-02	5.200000e-01	-3.059093e+03	-2.764213e+03	-2.948799e+02
15	4.463224e-01	3.175851e-02	4.753744e-02	5.300000e-01	-3.062528e+03	-2.767590e+03	-2.949377e+02
16	4.500820e-01	3.175851e-02	4.733848e-02	5.400000e-01	-3.062844e+03	-2.767563e+03	-2.952816e+02
17	4.480663e-01	3.168732e-02	4.733848e-02	5.300000e-01	-3.061994e+03	-2.766727e+03	-2.952668e+02
18	4.554976e-01	3.194901e-02	4.733848e-02	5.200000e-01	-3.065043e+03	-2.769722e+03	-2.953208e+02
19	4.651001e-01	3.194901e-02	4.684726e-02	5.100000e-01	-3.065828e+03	-2.769653e+03	-2.961747e+02
20	5.002700e-01	3.313496e-02	4.684726e-02	5.100000e-01	-3.077181e+03	-2.780765e+03	-2.964160e+02
21	5.120207e-01	3.313496e-02	4.630657e-02	5.200000e-01	-3.078055e+03	-2.780688e+03	-2.973674e+02
22	5.138221e-01	3.313496e-02	4.622533e-02	5.200000e-01	-3.078187e+03	-2.780676e+03	-2.975110e+02
23	5.144440e-01	3.315500e-02	4.622533e-02	5.300000e-01	-3.078347e+03	-2.780832e+03	-2.975151e+02
24	5.140754e-01	3.314312e-02	4.622533e-02	5.200000e-01	-3.078252e+03	-2.780740e+03	-2.975127e+02
25	5.059720e-01	3.314312e-02	4.659402e-02	5.300000e-01	-3.077655e+03	-2.780793e+03	-2.968623e+02
26	5.096185e-01	3.314312e-02	4.642702e-02	5.200000e-01	-3.077925e+03	-2.780769e+03	-2.971565e+02
27	5.405713e-01	3.413479e-02	4.642702e-02	5.200000e-01	-3.084633e+03	-2.787281e+03	-2.973523e+02
28	5.483198e-01	3.413479e-02	4.609781e-02	5.200000e-01	-3.085170e+03	-2.787234e+03	-2.979365e+02
29	5.586161e-01	3.413479e-02	4.567100e-02	5.300000e-01	-3.085869e+03	-2.787171e+03	-2.986981e+02
30	5.597498e-01	3.413479e-02	4.562473e-02	5.300000e-01	-3.085945e+03	-2.787164e+03	-2.987809e+02
31	5.631891e-01	3.413479e-02	4.548521e-02	5.400000e-01	-3.086174e+03	-2.787143e+03	-2.990311e+02
32	5.579495e-01	3.397564e-02	4.548521e-02	5.500000e-01	-3.085250e+03	-2.786251e+03	-2.989992e+02
33	5.571157e-01	3.397564e-02	4.551923e-02	5.400000e-01	-3.085195e+03	-2.786256e+03	-2.989381e+02
34	5.499941e-01	3.375778e-02	4.551923e-02	5.300000e-01	-3.083837e+03	-2.784943e+03	-2.988941e+02
35	5.592681e-01	3.375778e-02	4.514024e-02	5.300000e-01	-3.084460e+03	-2.784886e+03	-2.995748e+02
36	5.529048e-01	3.356519e-02	4.514024e-02	5.300000e-01	-3.083168e+03	-2.783633e+03	-2.995351e+02
37	5.512480e-01	3.351486e-02	4.514024e-02	5.300000e-01	-3.082816e+03	-2.783291e+03	-2.995246e+02
38	5.492700e-01	3.351486e-02	4.522145e-02	5.300000e-01	-3.082683e+03	-2.783304e+03	-2.993786e+02
39	5.508852e-01	3.356410e-02	4.522145e-02	5.200000e-01	-3.083027e+03	-2.783638e+03	-2.993888e+02
40	5.623157e-01	3.356410e-02	4.475947e-02	5.300000e-01	-3.083789e+03	-2.783567e+03	-3.002220e+02
41	5.648305e-01	3.356410e-02	4.465972e-02	5.300000e-01	-3.083953e+03	-2.783551e+03	-3.004026e+02
42	5.843501e-01	3.413914e-02	4.465972e-02	5.300000e-01	-3.087562e+03	-2.787040e+03	-3.005225e+02
43	5.763150e-01	3.413914e-02	4.496997e-02	5.200000e-01	-3.087048e+03	-2.787088e+03	-2.999602e+02
44	5.696232e-01	3.394036e-02	4.496997e-02	5.100000e-01	-3.085887e+03	-2.785967e+03	-2.999195e+02
45	5.951433e-01	3.394036e-02	4.399523e-02	5.000000e-01	-3.087505e+03	-2.785812e+03	-3.016933e+02
46	5.972599e-01	3.400066e-02	4.399523e-02	5.100000e-01	-3.087867e+03	-2.786161e+03	-3.017061e+02
47	6.037431e-01	3.418470e-02	4.399523e-02	5.200000e-01	-3.088923e+03	-2.787178e+03	-3.017451e+02
48	6.216254e-01	3.468726e-02	4.399523e-02	5.200000e-01	-3.091433e+03	-2.789583e+03	-3.018500e+02
49	6.265430e-01	3.468726e-02	4.382224e-02	5.100000e-01	-3.091723e+03	-2.789555e+03	-3.021684e+02
50	6.351628e-01	3.468726e-02	4.352387e-02	5.100000e-01	-3.092225e+03	-2.789505e+03	-3.027195e+02
51	6.254861e-01	3.442202e-02	4.352387e-02	5.200000e-01	-3.090965e+03	-2.788302e+03	-3.026635e+02
52	6.358191e-01	3.470518e-02	4.352387e-02	5.200000e-01	-3.092304e+03	-2.789581e+03	-3.027233e+02
53	6.335437e-01	3.470518e-02	4.360195e-02	5.100000e-01	-3.092173e+03	-2.789594e+03	-3.025788e+02
54	6.402315e-01	3.488787e-02	4.360195e-02	5.000000e-01	-3.092950e+03	-2.790333e+03	-3.026169e+02
55	6.460410e-01	3.488787e-02	4.340546e-02	5.100000e-01	-3.093281e+03	-2.790300e+03	-3.029811e+02
56	6.518186e-01	3.488787e-02	4.321267e-02	5.000000e-01	-3.093607e+03	-2.790267e+03	-3.033394e+02
57	6.794036e-01	3.561845e-02	4.321267e-02	5.100000e-01	-3.096071e+03	-2.792579e+03	-3.034913e+02
58	6.722541e-01	3.561845e-02	4.344185e-02	5.100000e-01	-3.095682e+03	-2.792618e+03	-3.030642e+02
59	6.811706e-01	3.585388e-02	4.344185e-02	5.000000e-01	-3.096267e+03	-2.793155e+03	-3.031118e+02
60	6.833441e-01	3.585388e-02	4.337270e-02	5.000000e-01	-3.096384e+03	-2.793143e+03	-3.032407e+02
61	6.945089e-01	3.585388e-02	4.302267e-02	5.000000e-01	-3.096979e+03	-2.793084e+03	-3.038949e+02
62	6.957490e-01	3.585388e-02	4.298430e-02	5.100000e-01	-3.097044e+03	-2.793078e+03	-3.039668e+02
63	7.033739e-01	3.604981e-02	4.298430e-02	5.100000e-01	-3.097458e+03	-2.793451e+03	-3.040068e+02
64	7.139175e-01	3.604981e-02	4.266571e-02	5.100000e-01	-3.098003e+03	-2.793397e+03	-3.046061e+02
65	6.992694e-01	3.567806e-02	4.266571e-02	5.000000e-01	-3.097160e+03	-2.792631e+03	-3.045291e+02
66	7.111528e-01	3.597994e-02	4.266571e-02	5.100000e-01	-3.097862e+03	-2.793271e+03	-3.045917e+02
67	7.132967e-01	3.597994e-02	4.260155e-02	5.200000e-01	-3.097972e+03	-2.793260e+03	-3.047127e+02
68	7.317649e-01	3.644275e-02	4.260155e-02	5.300000e-01	-3.098750e+03	-2.793942e+03	-3.048075e+02
69	7.367190e-01	3.644275e-02	4.245807e-02	5.300000e-01	-3.098996e+03	-2.793917e+03	-3.050790e+02
70	7.507487e-01	3.644275e-02	4.205948e-02	5.400000e-01	-3.099683e+03	-2.793846e+03	-3.058363e+02
71	7.970131e-01	3.754885e-02	4.205948e-02	5.400000e-01	-3.100192e+03	-2.794131e+03	-3.060606e+02
72	7.792734e-01	3.712862e-02	4.205948e-02	5.500000e-01	-3.100212e+03	-2.794236e+03	-3.059765e+02
73	7.809079e-01	3.716754e-02	4.205948e-02	5.400000e-01	-3.100221e+03	-2.794237e+03	-3.059844e+02
74	7.799833e-01	3.714553e-02	4.205948e-02	5.400000e-01	-3.100216e+03	-2.794236e+03	-3.059800e+02
75	7.927921e-01	3.744929e-02	4.205948e-02	5.400000e-01	-3.100219e+03	-2.794179e+03	-3.060408e+02
76	8.099101e-01	3.785143e-02	4.205948e-02	5.500000e-01	-3.100026e+03	-2.793905e+03	-3.061204e+02
77	8.365998e-01	3.785143e-02	4.138314e-02	5.500000e-01	-3.101206e+03	-2.793783e+03	-3.074231e+02
78	8.344424e-01	3.785143e-02	4.143660e-02	5.400000e-01	-3.101113e+03	-2.793793e+03	-3.073196e+02
79	8.488883e-01	3.817767e-02	4.143660e-02	5.300000e-01	-3.100799e+03	-2.793414e+03	-3.073847e+02
80	8.795976e-01	3.817767e-02	4.070684e-02	5.300000e-01	-3.102084e+03	-2.793278e+03	-3.088061e+02
81	8.702204e-01	3.817767e-02	4.092557e-02	5.400000e-01	-3.101698e+03	-2.793319e+03	-3.083784e+02
82	8.621946e-01	3.800121e-02	4.092557e-02	5.500000e-01	-3.101884e+03	-2.793541e+03	-3.083426e+02
83	8.636334e-01	3.803290e-02	4.092557e-02	5.600000e-01	-3.101853e+03	-2.793504e+03	-3.083490e+02
84	8.820043e-01	3.803290e-02	4.049712e-02	5.600000e-01	-3.102610e+03	-2.793422e+03	-3.091876e+02
85	8.660311e-01	3.768694e-02	4.049712e-02	5.700000e-01	-3.102869e+03	-2.793753e+03	-3.091156e+02
86	8.794471e-01	3.768694e-02	4.018704e-02	5.600000e-01	-3.103417e+03	-2.793692e+03	-3.097250e+02
87	9.096669e-01	3.768694e-02	3.951388e-02	5.700000e-01	-3.104613e+03	-2.793556e+03	-3.110579e+02
88	9.244032e-01	3.768694e-02	3.919766e-02	5.800000e-01	-3.105178e+03	-2.793489e+03	-3.116886e+02
89	9.328868e-01	3.768694e-02	3.901902e-02	5.700000e-01	-3.105498e+03	-2.793451e+03	-3.120463e+02
90	9.305309e-01	3.768694e-02	3.906838e-02	5.700000e-01	-3.105409e+03	-2.793462e+03	-3.119473e+02
91	9.336839e-01	3.775073e-02	3.906838e-02	5.800000e-01	-3.105374e+03	-2.793413e+03	-3.119614e+02
92	9.240609e-01	3.775073e-02	3.927128e-02	5.800000e-01	-3.105011e+03	-2.793456e+03	-3.115555e+02
93	9.208502e-01	3.768509e-02	3.927128e-02	5.700000e-01	-3.105047e+03	-2.793506e+03	-3.115411e+02
94	8.849255e-01	3.694268e-02	3.927128e-02	5.600000e-01	-3.105033e+03	-2.793657e+03	-3.113757e+02
95	9.263728e-01	3.779793e-02	3.927128e-02	5.600000e-01	-3.104982e+03	-2.793416e+03	-3.115658e+02
96	9.182034e-01	3.763090e-02	3.927128e-02	5.500000e-01	-3.105073e+03	-2.793543e+03	-3.115292e+02
97	9.327780e-01	3.763090e-02	3.896327e-02	5.600000e-01	-3.105623e+03	-2.793478e+03	-3.121456e+02
98	9.913207e-01	3.879382e-02	3.896327e-02	5.500000e-01	-3.104250e+03	-2.791851e+03	-3.123989e+02
99	1.030154e+00	3.879382e-02	3.822183e-02	5.500000e-01	-3.105591e+03	-2.791690e+03	-3.139018e+02
100	1.048515e+00	3.879382e-02	3.788569e-02	5.600000e-01	-3.106203e+03	-2.791614e+03	-3.145887e+02
101	1.086577e+00	3.879382e-02	3.721622e-02	5.600000e-01	-3.107425e+03	-2.791458e+03	-3.159669e+02
102	1.095425e+00	3.895145e-02	3.721622e-02	5.700000e-01	-3.107114e+03	-2.791112e+03	-3.160028e+02
103	1.106410e+00	3.914625e-02	3.721622e-02	5.700000e-01	-3.106691e+03	-2.790644e+03	-3.160468e+02
104	1.107236e+00	3.916087e-02	3.721622e-02	5.800000e-01	-3.106657e+03	-2.790607e+03	-3.160501e+02
105	1.132485e+00	3.916087e-02	3.679901e-02	5.900000e-01	-3.107425e+03	-2.790507e+03	-3.169173e+02
106	1.123421e+00	3.900385e-02	3.679901e-02	6.000000e-01	-3.107771e+03	-2.790890e+03	-3.168813e+02
107	1.120799e+00	3.900385e-02	3.684204e-02	5.900000e-01	-3.107692e+03	-2.790900e+03	-3.167917e+02
108	1.113966e+00	3.900385e-02	3.695485e-02	6.000000e-01	-3.107485e+03	-2.790928e+03	-3.165570e+02
109	1.129915e+00	3.900385e-02	3.669311e-02	5.900000e-01	-3.107966e+03	-2.790864e+03	-3.171021e+02
110	1.139409e+00	3.900385e-02	3.653993e-02	5.800000e-01	-3.108248e+03	-2.790826e+03	-3.174222e+02
111	1.182185e+00	3.900385e-02	3.587276e-02	5.900000e-01	-3.109481e+03	-2.790657e+03	-3.188243e+02
112	1.209574e+00	3.900385e-02	3.546428e-02	6.000000e-01	-3.110239e+03	-2.790549e+03	-3.196895e+02
113	1.206123e+00	3.900385e-02	3.551499e-02	5.900000e-01	-3.110144e+03	-2.790563e+03	-3.195818e+02
114	1.254489e+00	3.900385e-02	3.482363e-02	5.800000e-01	-3.111430e+03	-2.790374e+03	-3.210565e+02
115	1.244644e+00	3.885050e-02	3.482363e-02	5.800000e-01	-3.111738e+03	-2.790720e+03	-3.210181e+02
116	1.272863e+00	3.885050e-02	3.443545e-02	5.700000e-01	-3.112461e+03	-2.790609e+03	-3.218517e+02
117	1.266025e+00	3.874600e-02	3.443545e-02	5.700000e-01	-3.112654e+03	-2.790829e+03	-3.218250e+02
118	1.293678e+00	3.874600e-02	3.406542e-02	5.700000e-01	-3.113344e+03	-2.790721e+03	-3.226233e+02
119	1.245327e+00	3.874600e-02	3.472043e-02	5.700000e-01	-3.112123e+03	-2.790910e+03	-3.212129e+02
120	1.180012e+00	3.771624e-02	3.472043e-02	5.800000e-01	-3.113310e+03	-2.792363e+03	-3.209467e+02
121	1.136167e+00	3.700890e-02	3.472043e-02	5.800000e-01	-3.113303e+03	-2.792545e+03	-3.207573e+02
122	1.160435e+00	3.700890e-02	3.435546e-02	5.700000e-01	-3.113973e+03	-2.792438e+03	-3.215346e+02
123	1.201528e+00	3.700890e-02	3.376286e-02	5.700000e-01	-3.115063e+03	-2.792258e+03	-3.228045e+02
124	1.197442e+00	3.694591e-02	3.376286e-02	5.700000e-01	-3.115026e+03	-2.792239e+03	-3.227866e+02
125	1.240564e+00	3.694591e-02	3.317087e-02	5.600000e-01	-3.116116e+03	-2.792052e+03	-3.240643e+02
126	1.252780e+00	3.712738e-02	3.317087e-02	5.500000e-01	-3.116208e+03	-2.792091e+03	-3.241170e+02
127	1.296087e+00	3.712738e-02	3.261198e-02	5.400000e-01	-3.117239e+03	-2.791906e+03	-3.253331e+02
128	1.275842e+00	3.683627e-02	3.261198e-02	5.500000e-01	-3.117065e+03	-2.791819e+03	-3.252464e+02
129	1.282356e+00	3.693018e-02	3.261198e-02	5.400000e-01	-3.117135e+03	-2.791861e+03	-3.252745e+02
130	1.278155e+00	3.686965e-02	3.261198e-02	5.300000e-01	-3.117092e+03	-2.791835e+03	-3.252564e+02
131	1.310861e+00	3.733839e-02	3.261198e-02	5.300000e-01	-3.117287e+03	-2.791892e+03	-3.253954e+02
132	1.388100e+00	3.733839e-02	3.169167e-02	5.200000e-01	-3.118990e+03	-2.791572e+03	-3.274181e+02
133	1.381894e+00	3.733839e-02	3.176276e-02	5.100000e-01	-3.118858e+03	-2.791597e+03	-3.272611e+02
134	1.395355e+00	3.751981e-02	3.176276e-02	5.000000e-01	-3.118852e+03	-2.791535e+03	-3.273163e+02
135	1.466245e+00	3.751981e-02	3.098542e-02	5.000000e-01	-3.120290e+03	-2.791249e+03	-3.290416e+02
136	1.473324e+00	3.751981e-02	3.091088e-02	5.000000e-01	-3.120428e+03	-2.791220e+03	-3.292078e+02
137	1.448170e+00	3.719813e-02	3.091088e-02	4.900000e-01	-3.120402e+03	-2.791297e+03	-3.291059e+02
138	1.481988e+00	3.762996e-02	3.091088e-02	5.000000e-01	-3.120403e+03	-2.791161e+03	-3.292424e+02
139	1.480236e+00	3.762996e-02	3.092917e-02	5.000000e-01	-3.120370e+03	-2.791168e+03	-3.292016e+02
140	1.499138e+00	3.786946e-02	3.092917e-02	5.100000e-01	-3.120259e+03	-2.790982e+03	-3.292762e+02
141	1.524098e+00	3.818342e-02	3.092917e-02	5.100000e-01	-3.119998e+03	-2.790625e+03	-3.293729e+02
142	1.526038e+00	3.818342e-02	3.090951e-02	5.100000e-01	-3.120034e+03	-2.790618e+03	-3.294169e+02
143	1.543475e+00	3.840095e-02	3.090951e-02	5.000000e-01	-3.119780e+03	-2.790296e+03	-3.294833e+02
144	1.575951e+00	3.840095e-02	3.058937e-02	5.000000e-01	-3.120377e+03	-2.790174e+03	-3.302026e+02
145	1.639451e+00	3.840095e-02	2.999112e-02	5.000000e-01	-3.121490e+03	-2.789937e+03	-3.315529e+02
146	1.684334e+00	3.892304e-02	2.999112e-02	5.000000e-01	-3.120652e+03	-2.788935e+03	-3.317166e+02
147	1.692873e+00	3.892304e-02	2.991538e-02	5.100000e-01	-3.120793e+03	-2.788905e+03	-3.318887e+02
148	1.650164e+00	3.892304e-02	3.030004e-02	5.000000e-01	-3.120074e+03	-2.789058e+03	-3.310160e+02
149	1.632964e+00	3.871965e-02	3.030004e-02	5.000000e-01	-3.120441e+03	-2.789487e+03	-3.309535e+02
150	1.652047e+00	3.894523e-02	3.030004e-02	4.900000e-01	-3.120031e+03	-2.789008e+03	-3.310227e+02
151	1.614373e+00	3.849862e-02	3.030004e-02	4.900000e-01	-3.120783e+03	-2.789898e+03	-3.308851e+02
152	1.605324e+00	3.839056e-02	3.030004e-02	5.000000e-01	-3.120929e+03	-2.790078e+03	-3.308514e+02
153	1.620781e+00	3.839056e-02	3.015520e-02	5.000000e-01	-3.121198e+03	-2.790020e+03	-3.311785e+02
154	1.605061e+00	3.839056e-02	3.030252e-02	4.900000e-01	-3.120924e+03	-2.790079e+03	-3.308458e+02
155	1.611434e+00	3.846671e-02	3.030252e-02	4.900000e-01	-3.120823e+03	-2.789954e+03	-3.308695e+02
156	1.619426e+00	3.856199e-02	3.030252e-02	4.800000e-01	-3.120686e+03	-2.789787e+03	-3.308992e+02
157	1.637198e+00	3.877300e-02	3.030252e-02	4.700000e-01	-3.120345e+03	-2.789380e+03	-3.309643e+02
158	1.628742e+00	3.877300e-02	3.038108e-02	4.800000e-01	-3.120198e+03	-2.789411e+03	-3.307867e+02
159	1.617619e+00	3.864038e-02	3.038108e-02	4.800000e-01	-3.120419e+03	-2.789673e+03	-3.307459e+02
160	1.628331e+00	3.864038e-02	3.028099e-02	4.800000e-01	-3.120606e+03	-2.789634e+03	-3.309721e+02
161	1.656045e+00	3.896781e-02	3.028099e-02	4.900000e-01	-3.120023e+03	-2.788950e+03	-3.310728e+02
162	1.692199e+00	3.939088e-02	3.028099e-02	5.000000e-01	-3.119087e+03	-2.787886e+03	-3.312009e+02
163	1.767378e+00	3.939088e-02	2.962996e-02	4.900000e-01	-3.120309e+03	-2.787625e+03	-3.326845e+02
164	1.765834e+00	3.939088e-02	2.964291e-02	4.900000e-01	-3.120285e+03	-2.787630e+03	-3.326549e+02
165	1.736123e+00	3.905810e-02	2.964291e-02	4.800000e-01	-3.121034e+03	-2.788482e+03	-3.325512e+02
166	1.847210e+00	3.905810e-02	2.873776e-02	4.800000e-01	-3.122718e+03	-2.788094e+03	-3.346237e+02
167	1.770406e+00	3.823749e-02	2.873776e-02	4.900000e-01	-3.123997e+03	-2.789646e+03	-3.343502e+02
168	1.834987e+00	3.892865e-02	2.873776e-02	5.000000e-01	-3.122973e+03	-2.788392e+03	-3.345811e+02
169	1.804281e+00	3.860157e-02	2.873776e-02	4.900000e-01	-3.123529e+03	-2.789057e+03	-3.344727e+02
170	1.817079e+00	3.860157e-02	2.863638e-02	5.000000e-01	-3.123716e+03	-2.789011e+03	-3.347050e+02
171	1.815203e+00	3.858164e-02	2.863638e-02	5.100000e-01	-3.123746e+03	-2.789048e+03	-3.346983e+02
172	1.812891e+00	3.855706e-02	2.863638e-02	5.100000e-01	-3.123782e+03	-2.789092e+03	-3.346900e+02
173	1.967183e+00	3.855706e-02	2.749043e-02	5.100000e-01	-3.125872e+03	-2.788547e+03	-3.373252e+02
174	1.976396e+00	3.864724e-02	2.749043e-02	5.200000e-01	-3.125739e+03	-2.788382e+03	-3.373573e+02
175	1.947659e+00	3.836524e-02	2.749043e-02	5.200000e-01	-3.126122e+03	-2.788866e+03	-3.372566e+02
176	2.000134e+00	3.836524e-02	2.712741e-02	5.300000e-01	-3.126774e+03	-2.788681e+03	-3.380933e+02
177	1.943152e+00	3.781480e-02	2.712741e-02	5.300000e-01	-3.127227e+03	-2.789338e+03	-3.378896e+02
178	1.969567e+00	3.807096e-02	2.712741e-02	5.400000e-01	-3.127065e+03	-2.789080e+03	-3.379850e+02
179	2.085646e+00	3.807096e-02	2.636171e-02	5.300000e-01	-3.128417e+03	-2.788669e+03	-3.397480e+02
180	2.055780e+00	3.779740e-02	2.636171e-02	5.300000e-01	-3.128581e+03	-2.788939e+03	-3.396420e+02
181	2.068544e+00	3.779740e-02	2.628025e-02	5.300000e-01	-3.128722e+03	-2.788893e+03	-3.398292e+02
182	2.111332e+00	3.818632e-02	2.628025e-02	5.400000e-01	-3.128461e+03	-2.788480e+03	-3.399803e+02
183	2.242731e+00	3.818632e-02	2.549876e-02	5.400000e-01	-3.129809e+03	-2.788027e+03	-3.417822e+02
184	2.222672e+00	3.801516e-02	2.549876e-02	5.300000e-01	-3.129944e+03	-2.788231e+03	-3.417131e+02
185	2.267489e+00	3.839651e-02	2.549876e-02	5.300000e-01	-3.129591e+03	-2.787725e+03	-3.418664e+02
186	2.323872e+00	3.839651e-02	2.518753e-02	5.200000e-01	-3.130120e+03	-2.787535e+03	-3.425847e+02
187	2.437992e+00	3.839651e-02	2.459097e-02	5.300000e-01	-3.131114e+03	-2.787155e+03	-3.439590e+02
188	2.430983e+00	3.834127e-02	2.459097e-02	5.400000e-01	-3.131175e+03	-2.787239e+03	-3.439358e+02
189	2.367344e+00	3.783609e-02	2.459097e-02	5.300000e-01	-3.131551e+03	-2.787830e+03	-3.437210e+02
190	2.382967e+00	3.796073e-02	2.459097e-02	5.400000e-01	-3.131489e+03	-2.787715e+03	-3.437744e+02
191	2.312091e+00	3.739194e-02	2.459097e-02	5.300000e-01	-3.131599e+03	-2.788070e+03	-3.435284e+02
192	2.268232e+00	3.703559e-02	2.459097e-02	5.400000e-01	-3.131434e+03	-2.788063e+03	-3.433712e+02
193	2.297830e+00	3.727645e-02	2.459097e-02	5.300000e-01	-3.131565e+03	-2.788088e+03	-3.434777e+02
194	2.295951e+00	3.726120e-02	2.459097e-02	5.400000e-01	-3.131560e+03	-2.788089e+03	-3.434710e+02
195	2.268852e+00	3.726120e-02	2.473738e-02	5.300000e-01	-3.131324e+03	-2.788186e+03	-3.431382e+02
196	2.237925e+00	3.700638e-02	2.473738e-02	5.300000e-01	-3.131178e+03	-2.788151e+03	-3.430264e+02
197	2.260021e+00	3.718862e-02	2.473738e-02	5.300000e-01	-3.131292e+03	-2.788186e+03	-3.431065e+02
198	2.222608e+00	3.718862e-02	2.494472e-02	5.200000e-01	-3.130956e+03	-2.788321e+03	-3.426350e+02
199	2.195296e+00	3.695942e-02	2.494472e-02	5.200000e-01	-3.130806e+03	-2.788270e+03	-3.425354e+02
200	2.111601e+00	3.695942e-02	2.543427e-02	5.300000e-01	-3.130003e+03	-2.788580e+03	-3.414227e+02
201	2.249345e+00	3.695942e-02	2.464320e-02	5.200000e-01	-3.131291e+03	-2.788072e+03	-3.432190e+02
202	2.235119e+00	3.695942e-02	2.472150e-02	5.300000e-01	-3.131166e+03	-2.788124e+03	-3.430416e+02
203	2.273287e+00	3.727365e-02	2.472150e-02	5.300000e-01	-3.131354e+03	-2.788174e+03	-3.431798e+02
204	2.242374e+00	3.727365e-02	2.489132e-02	5.400000e-01	-3.131079e+03	-2.788285e+03	-3.427933e+02
205	2.366561e+00	3.727365e-02	2.422943e-02	5.500000e-01	-3.132139e+03	-2.787843e+03	-3.442965e+02
206	2.336935e+00	3.727365e-02	2.438253e-02	5.500000e-01	-3.131897e+03	-2.787948e+03	-3.439496e+02
207	2.382717e+00	3.727365e-02	2.414714e-02	5.400000e-01	-3.132268e+03	-2.787785e+03	-3.444827e+02
208	2.362656e+00	3.727365e-02	2.424944e-02	5.300000e-01	-3.132108e+03	-2.787856e+03	-3.442512e+02
209	2.513128e+00	3.727365e-02	2.351227e-02	5.300000e-01	-3.133242e+03	-2.787328e+03	-3.459136e+02
210	2.556053e+00	3.759063e-02	2.351227e-02	5.200000e-01	-3.133301e+03	-2.787240e+03	-3.460612e+02
211	2.584311e+00	3.779784e-02	2.351227e-02	5.200000e-01	-3.133264e+03	-2.787108e+03	-3.461568e+02
212	2.586420e+00	3.781326e-02	2.351227e-02	5.200000e-01	-3.133259e+03	-2.787095e+03	-3.461638e+02
213	2.591145e+00	3.781326e-02	2.349083e-02	5.100000e-01	-3.133292e+03	-2.787080e+03	-3.462123e+02
214	2.644486e+00	3.820049e-02	2.349083e-02	5.100000e-01	-3.133061e+03	-2.786672e+03	-3.463887e+02
215	2.610151e+00	3.820049e-02	2.364483e-02	5.100000e-01	-3.132823e+03	-2.786784e+03	-3.460388e+02
216	2.473562e+00	3.718754e-02	2.364483e-02	5.100000e-01	-3.133001e+03	-2.787426e+03	-3.455757e+02
217	2.538327e+00	3.767124e-02	2.364483e-02	5.100000e-01	-3.133092e+03	-2.787293e+03	-3.457993e+02
218	2.532967e+00	3.767124e-02	2.366983e-02	5.200000e-01	-3.133054e+03	-2.787311e+03	-3.457428e+02
219	2.591141e+00	3.810138e-02	2.366983e-02	5.300000e-01	-3.132863e+03	-2.786925e+03	-3.459376e+02
220	2.581809e+00	3.803271e-02	2.366983e-02	5.400000e-01	-3.132910e+03	-2.787003e+03	-3.459067e+02
221	2.546992e+00	3.777539e-02	2.366983e-02	5.400000e-01	-3.133030e+03	-2.787240e+03	-3.457902e+02
222	2.577341e+00	3.799978e-02	2.366983e-02	5.400000e-01	-3.132930e+03	-2.787038e+03	-3.458919e+02
223	2.351432e+00	3.799978e-02	2.478078e-02	5.500000e-01	-3.131155e+03	-2.787799e+03	-3.433561e+02
224	2.498308e+00	3.799978e-02	2.404131e-02	5.400000e-01	-3.132349e+03	-2.787302e+03	-3.450470e+02
225	2.599771e+00	3.876374e-02	2.404131e-02	5.500000e-01	-3.131512e+03	-2.786133e+03	-3.453785e+02
226	2.591486e+00	3.870193e-02	2.404131e-02	5.400000e-01	-3.131606e+03	-2.786254e+03	-3.453521e+02
227	2.562214e+00	3.870193e-02	2.417825e-02	5.300000e-01	-3.131385e+03	-2.786348e+03	-3.450373e+02
228	2.515580e+00	3.870193e-02	2.440133e-02	5.400000e-01	-3.131021e+03	-2.786498e+03	-3.445237e+02
229	2.419887e+00	3.795867e-02	2.440133e-02	5.300000e-01	-3.131798e+03	-2.787591e+03	-3.442073e+02
230	2.651099e+00	3.795867e-02	2.331299e-02	5.300000e-01	-3.133498e+03	-2.786817e+03	-3.466807e+02
231	2.776459e+00	3.795867e-02	2.278061e-02	5.300000e-01	-3.134282e+03	-2.786405e+03	-3.478769e+02
232	2.796761e+00	3.809720e-02	2.278061e-02	5.400000e-01	-3.134200e+03	-2.786257e+03	-3.479428e+02
233	2.989927e+00	3.809720e-02	2.203245e-02	5.300000e-01	-3.135243e+03	-2.785638e+03	-3.496053e+02
234	2.926386e+00	3.809720e-02	2.227036e-02	5.200000e-01	-3.134920e+03	-2.785840e+03	-3.490798e+02
235	3.037648e+00	3.809720e-02	2.185870e-02	5.200000e-01	-3.135474e+03	-2.785487e+03	-3.499869e+02
236	2.972593e+00	3.768704e-02	2.185870e-02	5.300000e-01	-3.135628e+03	-2.785849e+03	-3.497785e+02
237	2.897901e+00	3.721055e-02	2.185870e-02	5.300000e-01	-3.135515e+03	-2.785983e+03	-3.495318e+02
238	2.989325e+00	3.779295e-02	2.185870e-02	5.200000e-01	-3.135610e+03	-2.785777e+03	-3.498326e+02
239	2.959330e+00	3.760287e-02	2.185870e-02	5.300000e-01	-3.135631e+03	-2.785896e+03	-3.497352e+02
240	2.989137e+00	3.779177e-02	2.185870e-02	5.400000e-01	-3.135610e+03	-2.785778e+03	-3.498320e+02
241	2.739826e+00	3.779177e-02	2.283156e-02	5.400000e-01	-3.134275e+03	-2.786592e+03	-3.476832e+02
242	2.697710e+00	3.779177e-02	2.300910e-02	5.300000e-01	-3.134017e+03	-2.786731e+03	-3.472861e+02
243	2.814372e+00	3.779177e-02	2.252716e-02	5.200000e-01	-3.134707e+03	-2.786346e+03	-3.483609e+02
244	2.709270e+00	3.707939e-02	2.252716e-02	5.100000e-01	-3.134546e+03	-2.786538e+03	-3.480078e+02
245	2.694856e+00	3.698062e-02	2.252716e-02	5.200000e-01	-3.134465e+03	-2.786507e+03	-3.479581e+02
246	2.672067e+00	3.682393e-02	2.252716e-02	5.100000e-01	-3.134307e+03	-2.786428e+03	-3.478787e+02
247	2.688133e+00	3.693446e-02	2.252716e-02	5.100000e-01	-3.134422e+03	-2.786488e+03	-3.479347e+02
248	2.668802e+00	3.680142e-02	2.252716e-02	5.000000e-01	-3.134281e+03	-2.786414e+03	-3.478672e+02
249	2.657588e+00	3.680142e-02	2.257464e-02	5.000000e-01	-3.134217e+03	-2.786453e+03	-3.477633e+02
250	2.648091e+00	3.673561e-02	2.257464e-02	5.000000e-01	-3.134137e+03	-2.786407e+03	-3.477299e+02
251	2.662118e+00	3.683277e-02	2.257464e-02	5.100000e-01	-3.134252e+03	-2.786473e+03	-3.477792e+02
252	2.684854e+00	3.698973e-02	2.257464e-02	5.100000e-01	-3.134408e+03	-2.786550e+03	-3.478585e+02
253	2.816735e+00	3.698973e-02	2.203983e-02	5.000000e-01	-3.135120e+03	-2.786095e+03	-3.490248e+02
254	2.820721e+00	3.701589e-02	2.203983e-02	4.900000e-01	-3.135143e+03	-2.786105e+03	-3.490384e+02
255	2.770125e+00	3.668241e-02	2.203983e-02	4.900000e-01	-3.134772e+03	-2.785908e+03	-3.488636e+02
256	2.742819e+00	3.668241e-02	2.214926e-02	4.800000e-01	-3.134631e+03	-2.786004e+03	-3.486275e+02
257	2.619603e+00	3.584899e-02	2.214926e-02	4.700000e-01	-3.132925e+03	-2.784743e+03	-3.481828e+02
258	2.647538e+00	3.603963e-02	2.214926e-02	4.600000e-01	-3.133419e+03	-2.785133e+03	-3.482859e+02
259	2.964942e+00	3.603963e-02	2.093015e-02	4.500000e-01	-3.134825e+03	-2.783987e+03	-3.508378e+02
260	2.992911e+00	3.620922e-02	2.093015e-02	4.500000e-01	-3.135222e+03	-2.784285e+03	-3.509366e+02
261	2.928039e+00	3.620922e-02	2.116074e-02	4.500000e-01	-3.134976e+03	-2.784514e+03	-3.504620e+02
262	2.886248e+00	3.620922e-02	2.131338e-02	4.600000e-01	-3.134807e+03	-2.784662e+03	-3.501451e+02
263	2.809261e+00	3.572304e-02	2.131338e-02	4.600000e-01	-3.133546e+03	-2.783678e+03	-3.498672e+02
264	2.870698e+00	3.572304e-02	2.108408e-02	4.500000e-01	-3.133792e+03	-2.783454e+03	-3.503380e+02
265	2.931028e+00	3.609647e-02	2.108408e-02	4.600000e-01	-3.134801e+03	-2.784246e+03	-3.505554e+02
266	2.944845e+00	3.609647e-02	2.103456e-02	4.500000e-01	-3.134854e+03	-2.784197e+03	-3.506571e+02
267	3.039820e+00	3.609647e-02	2.070336e-02	4.600000e-01	-3.135193e+03	-2.783861e+03	-3.513317e+02
268	3.063976e+00	3.623960e-02	2.070336e-02	4.600000e-01	-3.135519e+03	-2.784103e+03	-3.514164e+02
269	3.096355e+00	3.643058e-02	2.070336e-02	4.600000e-01	-3.135901e+03	-2.784373e+03	-3.515285e+02
270	3.001016e+00	3.643058e-02	2.102965e-02	4.500000e-01	-3.135562e+03	-2.784702e+03	-3.508595e+02
271	3.088180e+00	3.643058e-02	2.073074e-02	4.400000e-01	-3.135874e+03	-2.784401e+03	-3.514727e+02
272	3.169436e+00	3.690675e-02	2.073074e-02	4.300000e-01	-3.136570e+03	-2.784823e+03	-3.517479e+02
273	3.164591e+00	3.687853e-02	2.073074e-02	4.200000e-01	-3.136539e+03	-2.784807e+03	-3.517317e+02
274	3.011750e+00	3.687853e-02	2.125025e-02	4.300000e-01	-3.135972e+03	-2.785321e+03	-3.506512e+02
275	2.953636e+00	3.687853e-02	2.145829e-02	4.400000e-01	-3.135730e+03	-2.785518e+03	-3.502119e+02
276	2.898805e+00	3.687853e-02	2.166028e-02	4.500000e-01	-3.135487e+03	-2.785705e+03	-3.497822e+02
277	2.944148e+00	3.716584e-02	2.166028e-02	4.500000e-01	-3.135736e+03	-2.785801e+03	-3.499355e+02
278	3.090417e+00	3.716584e-02	2.114148e-02	4.500000e-01	-3.136352e+03	-2.785314e+03	-3.510384e+02
279	3.106957e+00	3.716584e-02	2.108513e-02	4.500000e-01	-3.136416e+03	-2.785259e+03	-3.511569e+02
280	3.174447e+00	3.716584e-02	2.085979e-02	4.500000e-01	-3.136665e+03	-2.785037e+03	-3.516278e+02
281	3.098441e+00	3.671821e-02	2.085979e-02	4.600000e-01	-3.136203e+03	-2.784828e+03	-3.513744e+02
282	3.032526e+00	3.671821e-02	2.108527e-02	4.700000e-01	-3.135959e+03	-2.785052e+03	-3.509072e+02
283	3.123226e+00	3.726326e-02	2.108527e-02	4.600000e-01	-3.136476e+03	-2.785265e+03	-3.512103e+02
284	3.097484e+00	3.710938e-02	2.108527e-02	4.500000e-01	-3.136375e+03	-2.785250e+03	-3.511254e+02
285	3.052494e+00	3.683889e-02	2.108527e-02	4.500000e-01	-3.136113e+03	-2.785138e+03	-3.509749e+02
286	3.179818e+00	3.759935e-02	2.108527e-02	4.500000e-01	-3.136576e+03	-2.785182e+03	-3.513938e+02
287	3.123968e+00	3.726768e-02	2.108527e-02	4.600000e-01	-3.136478e+03	-2.785265e+03	-3.512127e+02
288	3.110036e+00	3.718449e-02	2.108527e-02	4.700000e-01	-3.136428e+03	-2.785262e+03	-3.511669e+02
289	3.505363e+00	3.718449e-02	1.986074e-02	4.800000e-01	-3.137642e+03	-2.783978e+03	-3.536642e+02
290	3.809269e+00	3.718449e-02	1.905202e-02	4.900000e-01	-3.138227e+03	-2.783015e+03	-3.552113e+02
291	3.753657e+00	3.691206e-02	1.905202e-02	4.800000e-01	-3.137960e+03	-2.782925e+03	-3.550353e+02
292	3.804514e+00	3.716127e-02	1.905202e-02	4.900000e-01	-3.138208e+03	-2.783012e+03	-3.551964e+02
293	4.004646e+00	3.716127e-02	1.856986e-02	4.900000e-01	-3.138456e+03	-2.782387e+03	-3.560687e+02
294	4.050625e+00	3.737400e-02	1.856986e-02	4.900000e-01	-3.138602e+03	-2.782392e+03	-3.562104e+02
295	4.110722e+00	3.765022e-02	1.856986e-02	5.000000e-01	-3.138695e+03	-2.782302e+03	-3.563928e+02
296	4.156543e+00	3.785948e-02	1.856986e-02	5.000000e-01	-3.138695e+03	-2.782165e+03	-3.565296e+02
297	4.244637e+00	3.825858e-02	1.856986e-02	5.100000e-01	-3.138531e+03	-2.781743e+03	-3.567876e+02
298	4.404790e+00	3.825858e-02	1.822914e-02	5.200000e-01	-3.138681e+03	-2.781282e+03	-3.573990e+02
299	4.411626e+00	3.828825e-02	1.822914e-02	5.300000e-01	-3.138661e+03	-2.781243e+03	-3.574186e+02
300	5.135686e+00	3.828825e-02	1.689532e-02	5.300000e-01	-3.138772e+03	-2.779202e+03	-3.595697e+02
301	5.415303e+00	3.931676e-02	1.689532e-02	5.300000e-01	-3.137528e+03	-2.777206e+03	-3.603220e+02
302	5.759332e+00	3.931676e-02	1.638293e-02	5.300000e-01	-3.137374e+03	-2.776314e+03	-3.610595e+02
303	5.773569e+00	3.936533e-02	1.638293e-02	5.200000e-01	-3.137287e+03	-2.776191e+03	-3.610962e+02
304	5.905777e+00	3.981349e-02	1.638293e-02	5.300000e-01	-3.136360e+03	-2.774929e+03	-3.614316e+02
305	5.735094e+00	3.923394e-02	1.638293e-02	5.400000e-01	-3.137516e+03	-2.776519e+03	-3.609968e+02
306	5.750584e+00	3.928689e-02	1.638293e-02	5.500000e-01	-3.137426e+03	-2.776389e+03	-3.610369e+02
307	5.656585e+00	3.896448e-02	1.638293e-02	5.500000e-01	-3.137926e+03	-2.777134e+03	-3.607917e+02
308	5.647155e+00	3.893199e-02	1.638293e-02	5.600000e-01	-3.137969e+03	-2.777202e+03	-3.607669e+02
309	5.268617e+00	3.893199e-02	1.696126e-02	5.600000e-01	-3.138153e+03	-2.778208e+03	-3.599450e+02
310	5.185598e+00	3.893199e-02	1.709650e-02	5.500000e-01	-3.138169e+03	-2.778430e+03	-3.597389e+02
311	5.040918e+00	3.838503e-02	1.709650e-02	5.500000e-01	-3.138747e+03	-2.779402e+03	-3.593445e+02
312	5.157744e+00	3.882728e-02	1.709650e-02	5.600000e-01	-3.138308e+03	-2.778644e+03	-3.596640e+02
313	5.081947e+00	3.854093e-02	1.709650e-02	5.600000e-01	-3.138620e+03	-2.779162e+03	-3.594577e+02
314	4.908425e+00	3.787723e-02	1.709650e-02	5.700000e-01	-3.138945e+03	-2.779974e+03	-3.589712e+02
315	4.737306e+00	3.721113e-02	1.709650e-02	5.600000e-01	-3.138672e+03	-2.780201e+03	-3.584708e+02
316	4.729259e+00	3.721113e-02	1.711103e-02	5.600000e-01	-3.138675e+03	-2.780225e+03	-3.584501e+02
317	5.140254e+00	3.721113e-02	1.641272e-02	5.600000e-01	-3.138379e+03	-2.779007e+03	-3.593723e+02
318	5.718465e+00	3.721113e-02	1.556084e-02	5.500000e-01	-3.137588e+03	-2.777324e+03	-3.602634e+02
319	5.870231e+00	3.770168e-02	1.556084e-02	5.400000e-01	-3.137925e+03	-2.777230e+03	-3.606942e+02
320	5.770777e+00	3.738094e-02	1.556084e-02	5.500000e-01	-3.137744e+03	-2.777330e+03	-3.604134e+02
321	5.795478e+00	3.738094e-02	1.552765e-02	5.400000e-01	-3.137702e+03	-2.777260e+03	-3.604426e+02
322	5.826992e+00	3.738094e-02	1.548560e-02	5.300000e-01	-3.137649e+03	-2.777170e+03	-3.604789e+02
323	5.770481e+00	3.738094e-02	1.556124e-02	5.200000e-01	-3.137744e+03	-2.777331e+03	-3.604130e+02
324	5.451414e+00	3.738094e-02	1.601016e-02	5.300000e-01	-3.138218e+03	-2.778246e+03	-3.599720e+02
325	5.397652e+00	3.738094e-02	1.608969e-02	5.400000e-01	-3.138286e+03	-2.778401e+03	-3.598854e+02
326	5.716158e+00	3.846802e-02	1.608969e-02	5.500000e-01	-3.138270e+03	-2.777496e+03	-3.607740e+02
327	5.258148e+00	3.846802e-02	1.677581e-02	5.600000e-01	-3.138616e+03	-2.778741e+03	-3.598749e+02
328	5.349071e+00	3.879919e-02	1.677581e-02	5.600000e-01	-3.138285e+03	-2.778163e+03	-3.601214e+02
329	5.436046e+00	3.879919e-02	1.664106e-02	5.500000e-01	-3.138243e+03	-2.777930e+03	-3.603132e+02
330	5.526079e+00	3.911917e-02	1.664106e-02	5.600000e-01	-3.137802e+03	-2.777250e+03	-3.605518e+02
331	5.563977e+00	3.925308e-02	1.664106e-02	5.700000e-01	-3.137582e+03	-2.776931e+03	-3.606508e+02
332	5.431203e+00	3.878190e-02	1.664106e-02	5.800000e-01	-3.138264e+03	-2.777964e+03	-3.603002e+02
333	5.122564e+00	3.766386e-02	1.664106e-02	5.800000e-01	-3.138780e+03	-2.779336e+03	-3.594444e+02
334	5.071913e+00	3.747718e-02	1.664106e-02	5.800000e-01	-3.138704e+03	-2.779405e+03	-3.592981e+02
335	5.060923e+00	3.747718e-02	1.665912e-02	5.900000e-01	-3.138712e+03	-2.779437e+03	-3.592745e+02
336	5.001797e+00	3.725762e-02	1.665912e-02	6.000000e-01	-3.138558e+03	-2.779457e+03	-3.591015e+02
337	5.004445e+00	3.726748e-02	1.665912e-02	6.100000e-01	-3.138567e+03	-2.779457e+03	-3.591093e+02
338	5.042061e+00	3.740728e-02	1.665912e-02	6.000000e-01	-3.138671e+03	-2.779451e+03	-3.592196e+02
339	5.298541e+00	3.834690e-02	1.665912e-02	5.900000e-01	-3.138663e+03	-2.778717e+03	-3.599466e+02
340	4.834511e+00	3.834690e-02	1.744030e-02	6.000000e-01	-3.138789e+03	-2.780005e+03	-3.587845e+02
341	4.765971e+00	3.807410e-02	1.744030e-02	6.000000e-01	-3.138932e+03	-2.780341e+03	-3.585908e+02
342	4.747632e+00	3.807410e-02	1.747395e-02	6.100000e-01	-3.138931e+03	-2.780393e+03	-3.585377e+02
343	4.856949e+00	3.850995e-02	1.747395e-02	6.100000e-01	-3.138656e+03	-2.779811e+03	-3.588453e+02
344	4.823028e+00	3.837524e-02	1.747395e-02	6.000000e-01	-3.138767e+03	-2.780016e+03	-3.587507e+02
345	4.656399e+00	3.770650e-02	1.747395e-02	6.000000e-01	-3.138969e+03	-2.780694e+03	-3.582745e+02
346	4.766481e+00	3.814961e-02	1.747395e-02	6.100000e-01	-3.138901e+03	-2.780310e+03	-3.585914e+02
347	4.695577e+00	3.786480e-02	1.747395e-02	6.100000e-01	-3.138975e+03	-2.780587e+03	-3.583883e+02
348	4.770880e+00	3.786480e-02	1.733550e-02	6.200000e-01	-3.138972e+03	-2.780369e+03	-3.586031e+02
349	4.831877e+00	3.810608e-02	1.733550e-02	6.200000e-01	-3.138920e+03	-2.780142e+03	-3.587775e+02
350	4.722541e+00	3.767248e-02	1.733550e-02	6.200000e-01	-3.138958e+03	-2.780495e+03	-3.584630e+02
351	4.849750e+00	3.817649e-02	1.733550e-02	6.100000e-01	-3.138890e+03	-2.780062e+03	-3.588280e+02
352	4.666287e+00	3.744744e-02	1.733550e-02	6.100000e-01	-3.138876e+03	-2.780579e+03	-3.582977e+02
353	4.582504e+00	3.744744e-02	1.749326e-02	6.200000e-01	-3.138884e+03	-2.780827e+03	-3.580570e+02
354	4.296694e+00	3.744744e-02	1.806570e-02	6.200000e-01	-3.138814e+03	-2.781681e+03	-3.571324e+02
355	4.454617e+00	3.744744e-02	1.774259e-02	6.200000e-01	-3.138872e+03	-2.781208e+03	-3.576637e+02
356	4.439926e+00	3.738564e-02	1.774259e-02	6.200000e-01	-3.138838e+03	-2.781219e+03	-3.576198e+02
357	4.349149e+00	3.700148e-02	1.774259e-02	6.300000e-01	-3.138508e+03	-2.781164e+03	-3.573441e+02
358	5.108346e+00	3.700148e-02	1.637114e-02	6.200000e-01	-3.138119e+03	-2.778868e+03	-3.592506e+02
359	4.565429e+00	3.700148e-02	1.731723e-02	6.200000e-01	-3.138495e+03	-2.780502e+03	-3.579930e+02
360	4.515856e+00	3.680005e-02	1.731723e-02	6.100000e-01	-3.138226e+03	-2.780385e+03	-3.578411e+02
361	4.311512e+00	3.595780e-02	1.731723e-02	6.100000e-01	-3.136393e+03	-2.779200e+03	-3.571930e+02
362	4.559107e+00	3.595780e-02	1.684043e-02	6.000000e-01	-3.136223e+03	-2.778397e+03	-3.578254e+02
363	4.422461e+00	3.595780e-02	1.709862e-02	5.900000e-01	-3.136331e+03	-2.778839e+03	-3.574915e+02
364	4.540197e+00	3.643330e-02	1.709862e-02	5.900000e-01	-3.137518e+03	-2.779651e+03	-3.578675e+02
365	4.706631e+00	3.709507e-02	1.709862e-02	5.900000e-01	-3.138559e+03	-2.780180e+03	-3.583794e+02
366	4.790055e+00	3.742238e-02	1.709862e-02	6.000000e-01	-3.138827e+03	-2.780199e+03	-3.586278e+02
367	4.474833e+00	3.742238e-02	1.769062e-02	6.100000e-01	-3.138864e+03	-2.781135e+03	-3.577291e+02
368	4.712371e+00	3.742238e-02	1.723899e-02	6.100000e-01	-3.138852e+03	-2.780429e+03	-3.584231e+02
369	4.702993e+00	3.738513e-02	1.723899e-02	6.200000e-01	-3.138830e+03	-2.780434e+03	-3.583954e+02
370	4.736615e+00	3.751852e-02	1.723899e-02	6.200000e-01	-3.138900e+03	-2.780405e+03	-3.584946e+02
371	5.105514e+00	3.751852e-02	1.660451e-02	6.200000e-01	-3.138707e+03	-2.779329e+03	-3.593782e+02
372	5.137112e+00	3.751852e-02	1.655336e-02	6.300000e-01	-3.138682e+03	-2.779238e+03	-3.594440e+02
373	5.133354e+00	3.751852e-02	1.655942e-02	6.300000e-01	-3.138685e+03	-2.779249e+03	-3.594363e+02
374	5.239143e+00	3.790314e-02	1.655942e-02	6.300000e-01	-3.138771e+03	-2.779032e+03	-3.597386e+02
375	4.994916e+00	3.790314e-02	1.695943e-02	6.400000e-01	-3.138915e+03	-2.779725e+03	-3.591895e+02
376	4.850090e+00	3.734961e-02	1.695943e-02	6.400000e-01	-3.138745e+03	-2.779976e+03	-3.587696e+02
377	4.515711e+00	3.734961e-02	1.757612e-02	6.500000e-01	-3.138827e+03	-2.780970e+03	-3.578573e+02
378	4.417673e+00	3.694195e-02	1.757612e-02	6.500000e-01	-3.138441e+03	-2.780882e+03	-3.575598e+02
379	4.183261e+00	3.694195e-02	1.806185e-02	6.500000e-01	-3.138393e+03	-2.781607e+03	-3.567861e+02
380	4.032643e+00	3.694195e-02	1.839606e-02	6.600000e-01	-3.138300e+03	-2.782077e+03	-3.562231e+02
381	4.108605e+00	3.728826e-02	1.839606e-02	6.500000e-01	-3.138621e+03	-2.782162e+03	-3.564586e+02
382	4.046511e+00	3.728826e-02	1.853667e-02	6.400000e-01	-3.138565e+03	-2.782353e+03	-3.562122e+02
383	4.024212e+00	3.718537e-02	1.853667e-02	6.300000e-01	-3.138490e+03	-2.782346e+03	-3.561433e+02
384	4.048403e+00	3.729697e-02	1.853667e-02	6.300000e-01	-3.138571e+03	-2.782353e+03	-3.562180e+02
385	4.135365e+00	3.769543e-02	1.853667e-02	6.200000e-01	-3.138715e+03	-2.782233e+03	-3.564819e+02
386	4.240776e+00	3.769543e-02	1.830484e-02	6.100000e-01	-3.138810e+03	-2.781918e+03	-3.568915e+02
387	4.172035e+00	3.738867e-02	1.830484e-02	6.000000e-01	-3.138714e+03	-2.782029e+03	-3.566847e+02
388	4.288021e+00	3.790482e-02	1.830484e-02	5.900000e-01	-3.138800e+03	-2.781769e+03	-3.570313e+02
389	4.160693e+00	3.790482e-02	1.858282e-02	5.800000e-01	-3.138680e+03	-2.782145e+03	-3.565357e+02
390	3.966434e+00	3.790482e-02	1.903243e-02	5.800000e-01	-3.138427e+03	-2.782722e+03	-3.557047e+02
391	4.066471e+00	3.790482e-02	1.879687e-02	5.900000e-01	-3.138568e+03	-2.782424e+03	-3.561444e+02
392	4.121855e+00	3.816208e-02	1.879687e-02	5.800000e-01	-3.138467e+03	-2.782160e+03	-3.563077e+02
393	4.617008e+00	3.816208e-02	1.776036e-02	5.700000e-01	-3.138865e+03	-2.780729e+03	-3.581355e+02
394	4.656059e+00	3.832312e-02	1.776036e-02	5.700000e-01	-3.138770e+03	-2.780523e+03	-3.582464e+02
395	4.686652e+00	3.832312e-02	1.770229e-02	5.700000e-01	-3.138780e+03	-2.780437e+03	-3.583427e+02
396	4.767628e+00	3.865278e-02	1.770229e-02	5.700000e-01	-3.138484e+03	-2.779915e+03	-3.585689e+02
397	4.631336e+00	3.809629e-02	1.770229e-02	5.600000e-01	-3.138903e+03	-2.780717e+03	-3.581855e+02
398	4.578594e+00	3.787875e-02	1.770229e-02	5.500000e-01	-3.138958e+03	-2.780924e+03	-3.580335e+02
399	4.668252e+00	3.787875e-02	1.753147e-02	5.600000e-01	-3.138972e+03	-2.780665e+03	-3.583076e+02
400	4.672968e+00	3.789788e-02	1.753147e-02	5.500000e-01	-3.138970e+03	-2.780649e+03	-3.583212e+02
401	4.507365e+00	3.722030e-02	1.753147e-02	5.400000e-01	-3.138731e+03	-2.780899e+03	-3.578325e+02
402	4.759193e+00	3.824592e-02	1.753147e-02	5.500000e-01	-3.138848e+03	-2.780281e+03	-3.585675e+02
403	4.810513e+00	3.824592e-02	1.743771e-02	5.400000e-01	-3.138853e+03	-2.780136e+03	-3.587172e+02
404	4.596154e+00	3.738408e-02	1.743771e-02	5.300000e-01	-3.138847e+03	-2.780751e+03	-3.580962e+02
405	4.647022e+00	3.759039e-02	1.743771e-02	5.300000e-01	-3.138942e+03	-2.780695e+03	-3.582466e+02
406	4.610657e+00	3.744301e-02	1.743771e-02	5.400000e-01	-3.138880e+03	-2.780741e+03	-3.581393e+02
407	4.617068e+00	3.744301e-02	1.742560e-02	5.500000e-01	-3.138880e+03	-2.780722e+03	-3.581578e+02
408	5.024734e+00	3.744301e-02	1.670376e-02	5.500000e-01	-3.138712e+03	-2.779523e+03	-3.591890e+02
409	5.206616e+00	3.811466e-02	1.670376e-02	5.600000e-01	-3.138792e+03	-2.779084e+03	-3.597083e+02
410	5.084407e+00	3.811466e-02	1.690332e-02	5.500000e-01	-3.138855e+03	-2.779426e+03	-3.594285e+02
411	5.084133e+00	3.811363e-02	1.690332e-02	5.600000e-01	-3.138855e+03	-2.779427e+03	-3.594277e+02
412	5.168374e+00	3.842810e-02	1.690332e-02	5.600000e-01	-3.138680e+03	-2.779018e+03	-3.596620e+02
413	5.364644e+00	3.842810e-02	1.659122e-02	5.500000e-01	-3.138581e+03	-2.778480e+03	-3.601013e+02
414	5.384281e+00	3.849837e-02	1.659122e-02	5.400000e-01	-3.138527e+03	-2.778372e+03	-3.601549e+02
415	5.272969e+00	3.809834e-02	1.659122e-02	5.300000e-01	-3.138752e+03	-2.778904e+03	-3.598481e+02
416	5.331727e+00	3.809834e-02	1.649955e-02	5.200000e-01	-3.138709e+03	-2.778740e+03	-3.599691e+02
417	5.157654e+00	3.809834e-02	1.677567e-02	5.300000e-01	-3.138823e+03	-2.779226e+03	-3.595964e+02
418	4.901006e+00	3.809834e-02	1.720931e-02	5.400000e-01	-3.138914e+03	-2.779949e+03	-3.589653e+02
419	4.772833e+00	3.809834e-02	1.743885e-02	5.500000e-01	-3.138923e+03	-2.780313e+03	-3.586104e+02
420	4.747170e+00	3.809834e-02	1.748593e-02	5.400000e-01	-3.138922e+03	-2.780386e+03	-3.585360e+02
421	4.351154e+00	3.809834e-02	1.826433e-02	5.300000e-01	-3.138755e+03	-2.781524e+03	-3.572310e+02
422	4.578228e+00	3.809834e-02	1.780563e-02	5.200000e-01	-3.138885e+03	-2.780869e+03	-3.580163e+02
423	4.414522e+00	3.809834e-02	1.813277e-02	5.100000e-01	-3.138801e+03	-2.781340e+03	-3.574608e+02
424	4.286311e+00	3.809834e-02	1.840196e-02	5.100000e-01	-3.138699e+03	-2.781712e+03	-3.569870e+02
425	4.429801e+00	3.809834e-02	1.810147e-02	5.200000e-01	-3.138811e+03	-2.781296e+03	-3.575149e+02
426	4.441551e+00	3.809834e-02	1.807751e-02	5.300000e-01	-3.138818e+03	-2.781262e+03	-3.575562e+02
427	4.383968e+00	3.785056e-02	1.807751e-02	5.300000e-01	-3.138884e+03	-2.781495e+03	-3.573886e+02
428	4.395719e+00	3.790126e-02	1.807751e-02	5.400000e-01	-3.138877e+03	-2.781454e+03	-3.574230e+02
429	4.295760e+00	3.790126e-02	1.828663e-02	5.300000e-01	-3.138808e+03	-2.781747e+03	-3.570609e+02
430	4.307274e+00	3.795202e-02	1.828663e-02	5.400000e-01	-3.138797e+03	-2.781702e+03	-3.570947e+02
431	4.160114e+00	3.729806e-02	1.828663e-02	5.300000e-01	-3.138666e+03	-2.782011e+03	-3.566545e+02
432	4.278426e+00	3.729806e-02	1.803201e-02	5.400000e-01	-3.138736e+03	-2.781651e+03	-3.570851e+02
433	3.933340e+00	3.729806e-02	1.880639e-02	5.300000e-01	-3.138444e+03	-2.782709e+03	-3.557354e+02
434	3.845211e+00	3.729806e-02	1.902069e-02	5.300000e-01	-3.138324e+03	-2.782982e+03	-3.553423e+02
435	4.014458e+00	3.729806e-02	1.861542e-02	5.200000e-01	-3.138537e+03	-2.782458e+03	-3.560790e+02
436	4.248265e+00	3.729806e-02	1.809591e-02	5.200000e-01	-3.138721e+03	-2.781743e+03	-3.569783e+02
437	4.251751e+00	3.729806e-02	1.808849e-02	5.100000e-01	-3.138723e+03	-2.781732e+03	-3.569908e+02
438	4.309489e+00	3.729806e-02	1.796691e-02	5.100000e-01	-3.138750e+03	-2.781557e+03	-3.571930e+02
439	4.367213e+00	3.729806e-02	1.784777e-02	5.100000e-01	-3.138770e+03	-2.781382e+03	-3.573879e+02
440	4.281778e+00	3.693143e-02	1.784777e-02	5.000000e-01	-3.138414e+03	-2.781288e+03	-3.571264e+02
441	3.981292e+00	3.693143e-02	1.850905e-02	5.000000e-01	-3.138246e+03	-2.782226e+03	-3.560204e+02
442	4.172345e+00	3.693143e-02	1.808032e-02	5.000000e-01	-3.138376e+03	-2.781628e+03	-3.567483e+02
443	4.154140e+00	3.685077e-02	1.808032e-02	4.900000e-01	-3.138272e+03	-2.781581e+03	-3.566914e+02
444	4.215992e+00	3.712410e-02	1.808032e-02	5.000000e-01	-3.138584e+03	-2.781701e+03	-3.568833e+02
445	4.222093e+00	3.715095e-02	1.808032e-02	5.000000e-01	-3.138609e+03	-2.781707e+03	-3.569021e+02
446	4.129996e+00	3.715095e-02	1.828080e-02	4.900000e-01	-3.138554e+03	-2.781990e+03	-3.565639e+02
447	4.112706e+00	3.707310e-02	1.828080e-02	5.000000e-01	-3.138481e+03	-2.781971e+03	-3.565104e+02
448	4.041692e+00	3.675164e-02	1.828080e-02	4.900000e-01	-3.138082e+03	-2.781794e+03	-3.562878e+02
449	4.302656e+00	3.675164e-02	1.771775e-02	4.800000e-01	-3.138174e+03	-2.780973e+03	-3.572014e+02
450	4.454667e+00	3.739522e-02	1.771775e-02	4.800000e-01	-3.138846e+03	-2.781180e+03	-3.576664e+02
451	4.662274e+00	3.739522e-02	1.731878e-02	4.800000e-01	-3.138845e+03	-2.780561e+03	-3.582843e+02
452	4.615515e+00	3.720723e-02	1.731878e-02	4.900000e-01	-3.138707e+03	-2.780562e+03	-3.581447e+02
453	4.551705e+00	3.694913e-02	1.731878e-02	4.900000e-01	-3.138431e+03	-2.780480e+03	-3.579514e+02
454	4.896115e+00	3.694913e-02	1.669854e-02	4.800000e-01	-3.138241e+03	-2.779436e+03	-3.588056e+02
455	4.727408e+00	3.630697e-02	1.669854e-02	4.900000e-01	-3.137069e+03	-2.778782e+03	-3.582871e+02
456	4.781575e+00	3.651438e-02	1.669854e-02	4.900000e-01	-3.137520e+03	-2.779064e+03	-3.584560e+02
457	4.381049e+00	3.651438e-02	1.744516e-02	4.800000e-01	-3.137753e+03	-2.780315e+03	-3.574377e+02
458	4.249844e+00	3.651438e-02	1.771240e-02	4.800000e-01	-3.137766e+03	-2.780730e+03	-3.570352e+02
459	4.478231e+00	3.651438e-02	1.725483e-02	4.900000e-01	-3.137723e+03	-2.780010e+03	-3.577128e+02
460	4.654714e+00	3.722693e-02	1.725483e-02	4.900000e-01	-3.138715e+03	-2.780462e+03	-3.582538e+02
461	4.984178e+00	3.722693e-02	1.667479e-02	4.800000e-01	-3.138539e+03	-2.779482e+03	-3.590569e+02
462	4.746556e+00	3.722693e-02	1.708708e-02	4.900000e-01	-3.138683e+03	-2.780187e+03	-3.584962e+02
463	4.717783e+00	3.722693e-02	1.713911e-02	4.900000e-01	-3.138695e+03	-2.780273e+03	-3.584219e+02
464	4.825245e+00	3.764852e-02	1.713911e-02	4.800000e-01	-3.138929e+03	-2.780191e+03	-3.587386e+02
465	4.715309e+00	3.721716e-02	1.713911e-02	4.700000e-01	-3.138686e+03	-2.780272e+03	-3.584145e+02
466	4.611018e+00	3.680329e-02	1.713911e-02	4.800000e-01	-3.138195e+03	-2.780097e+03	-3.580986e+02
467	4.697377e+00	3.680329e-02	1.698083e-02	4.900000e-01	-3.138149e+03	-2.779832e+03	-3.583175e+02
468	4.843625e+00	3.737181e-02	1.698083e-02	4.800000e-01	-3.138767e+03	-2.780010e+03	-3.587567e+02
469	5.018668e+00	3.737181e-02	1.668207e-02	4.700000e-01	-3.138657e+03	-2.779496e+03	-3.591617e+02
470	4.987737e+00	3.737181e-02	1.673371e-02	4.700000e-01	-3.138680e+03	-2.779586e+03	-3.590937e+02
471	5.010228e+00	3.737181e-02	1.669611e-02	4.600000e-01	-3.138664e+03	-2.779520e+03	-3.591433e+02
472	4.767041e+00	3.737181e-02	1.711669e-02	4.500000e-01	-3.138800e+03	-2.780236e+03	-3.585637e+02
473	4.776699e+00	3.740965e-02	1.711669e-02	4.600000e-01	-3.138823e+03	-2.780231e+03	-3.585922e+02
474	4.812831e+00	3.755087e-02	1.711669e-02	4.700000e-01	-3.138893e+03	-2.780195e+03	-3.586983e+02
475	4.962478e+00	3.813019e-02	1.711669e-02	4.800000e-01	-3.138891e+03	-2.779764e+03	-3.591279e+02
476	4.935662e+00	3.802703e-02	1.711669e-02	4.800000e-01	-3.138925e+03	-2.779873e+03	-3.590521e+02
477	5.147639e+00	3.883504e-02	1.711669e-02	4.800000e-01	-3.138299e+03	-2.778661e+03	-3.596385e+02
478	5.117752e+00	3.883504e-02	1.716659e-02	4.900000e-01	-3.138303e+03	-2.778742e+03	-3.595613e+02
479	5.001662e+00	3.883504e-02	1.736467e-02	4.900000e-01	-3.138304e+03	-2.779056e+03	-3.592483e+02
480	4.978705e+00	3.883504e-02	1.740466e-02	4.900000e-01	-3.138302e+03	-2.779118e+03	-3.591840e+02
481	5.001616e+00	3.883504e-02	1.736475e-02	4.800000e-01	-3.138304e+03	-2.779056e+03	-3.592482e+02
482	5.143766e+00	3.938303e-02	1.736475e-02	4.900000e-01	-3.137420e+03	-2.777793e+03	-3.596275e+02
483	5.199484e+00	3.959576e-02	1.736475e-02	5.000000e-01	-3.136986e+03	-2.777213e+03	-3.597728e+02
484	5.693036e+00	3.959576e-02	1.659498e-02	4.900000e-01	-3.136915e+03	-2.775945e+03	-3.609692e+02
485	5.625939e+00	3.936173e-02	1.659498e-02	4.800000e-01	-3.137375e+03	-2.776578e+03	-3.607971e+02
486	5.609341e+00	3.930362e-02	1.659498e-02	4.800000e-01	-3.137480e+03	-2.776725e+03	-3.607541e+02
487	5.440418e+00	3.930362e-02	1.685064e-02	4.700000e-01	-3.137544e+03	-2.777165e+03	-3.603799e+02
488	5.458882e+00	3.930362e-02	1.682212e-02	4.800000e-01	-3.137539e+03	-2.777116e+03	-3.604226e+02
489	5.181025e+00	3.930362e-02	1.726731e-02	4.700000e-01	-3.137575e+03	-2.777844e+03	-3.597311e+02
490	5.128197e+00	3.910273e-02	1.726731e-02	4.700000e-01	-3.137919e+03	-2.778328e+03	-3.595913e+02
491	5.120876e+00	3.907481e-02	1.726731e-02	4.800000e-01	-3.137964e+03	-2.778392e+03	-3.595718e+02
492	5.020280e+00	3.868911e-02	1.726731e-02	4.900000e-01	-3.138481e+03	-2.779181e+03	-3.593002e+02
493	5.167932e+00	3.868911e-02	1.701885e-02	5.000000e-01	-3.138461e+03	-2.778779e+03	-3.596824e+02
494	5.064852e+00	3.830131e-02	1.701885e-02	5.100000e-01	-3.138790e+03	-2.779391e+03	-3.593990e+02
495	5.112453e+00	3.830131e-02	1.693944e-02	5.200000e-01	-3.138774e+03	-2.779259e+03	-3.595155e+02
496	4.865231e+00	3.830131e-02	1.736449e-02	5.200000e-01	-3.138821e+03	-2.779949e+03	-3.588720e+02
497	4.553558e+00	3.830131e-02	1.794892e-02	5.100000e-01	-3.138742e+03	-2.780829e+03	-3.579135e+02
498	4.337474e+00	3.738150e-02	1.794892e-02	5.000000e-01	-3.138805e+03	-2.781524e+03	-3.572811e+02
499	4.214116e+00	3.684609e-02	1.794892e-02	5.100000e-01	-3.138289e+03	-2.781387e+03	-3.569026e+02
500	4.372573e+00	3.753244e-02	1.794892e-02	5.200000e-01	-3.138875e+03	-2.781489e+03	-3.573864e+02
501	4.674414e+00	3.753244e-02	1.735974e-02	5.100000e-01	-3.138917e+03	-2.780594e+03	-3.583236e+02
502	4.533734e+00	3.696334e-02	1.735974e-02	5.200000e-01	-3.138454e+03	-2.780553e+03	-3.579017e+02
503	4.689822e+00	3.696334e-02	1.706841e-02	5.300000e-01	-3.138398e+03	-2.780077e+03	-3.583208e+02
504	4.498682e+00	3.620226e-02	1.706841e-02	5.200000e-01	-3.136979e+03	-2.779253e+03	-3.577264e+02
505	4.594984e+00	3.620226e-02	1.688860e-02	5.100000e-01	-3.136909e+03	-2.778946e+03	-3.579627e+02
506	4.724783e+00	3.671002e-02	1.688860e-02	5.200000e-01	-3.137967e+03	-2.779599e+03	-3.583680e+02
507	4.785320e+00	3.671002e-02	1.678143e-02	5.100000e-01	-3.137922e+03	-2.779413e+03	-3.585081e+02
508	4.964223e+00	3.738994e-02	1.678143e-02	5.000000e-01	-3.138712e+03	-2.779667e+03	-3.590442e+02
509	5.184882e+00	3.821189e-02	1.678143e-02	5.100000e-01	-3.138780e+03	-2.779105e+03	-3.596743e+02
510	5.260586e+00	3.821189e-02	1.666025e-02	5.000000e-01	-3.138737e+03	-2.778895e+03	-3.598421e+02
511	5.113659e+00	3.767448e-02	1.666025e-02	5.000000e-01	-3.138792e+03	-2.779364e+03	-3.594274e+02
512	5.029657e+00	3.767448e-02	1.679880e-02	5.000000e-01	-3.138847e+03	-2.779606e+03	-3.592408e+02
513	5.030369e+00	3.767715e-02	1.679880e-02	5.000000e-01	-3.138847e+03	-2.779604e+03	-3.592428e+02
514	4.700353e+00	3.767715e-02	1.737852e-02	4.900000e-01	-3.138962e+03	-2.780561e+03	-3.584007e+02
515	5.007063e+00	3.888699e-02	1.737852e-02	4.800000e-01	-3.138235e+03	-2.778972e+03	-3.592623e+02
516	5.028862e+00	3.897155e-02	1.737852e-02	4.900000e-01	-3.138116e+03	-2.778795e+03	-3.593211e+02
517	5.014680e+00	3.891656e-02	1.737852e-02	4.800000e-01	-3.138194e+03	-2.778911e+03	-3.592829e+02
518	4.727203e+00	3.891656e-02	1.789914e-02	4.700000e-01	-3.138103e+03	-2.779692e+03	-3.584112e+02
519	4.658541e+00	3.863289e-02	1.789914e-02	4.600000e-01	-3.138461e+03	-2.780239e+03	-3.582219e+02
520	5.002641e+00	3.863289e-02	1.727259e-02	4.700000e-01	-3.138542e+03	-2.779289e+03	-3.592520e+02
521	4.851913e+00	3.804645e-02	1.727259e-02	4.800000e-01	-3.138937e+03	-2.780105e+03	-3.588312e+02
522	4.973413e+00	3.804645e-02	1.706031e-02	4.700000e-01	-3.138910e+03	-2.779761e+03	-3.591498e+02
523	4.935339e+00	3.790053e-02	1.706031e-02	4.700000e-01	-3.138937e+03	-2.779895e+03	-3.590415e+02
524	4.942864e+00	3.790053e-02	1.704732e-02	4.600000e-01	-3.138934e+03	-2.779874e+03	-3.590605e+02
525	4.867254e+00	3.790053e-02	1.717922e-02	4.700000e-01	-3.138956e+03	-2.780090e+03	-3.588658e+02
526	4.525832e+00	3.790053e-02	1.781542e-02	4.600000e-01	-3.138938e+03	-2.781075e+03	-3.578632e+02
527	4.310784e+00	3.698914e-02	1.781542e-02	4.700000e-01	-3.138487e+03	-2.781268e+03	-3.572196e+02
528	4.416183e+00	3.743861e-02	1.781542e-02	4.800000e-01	-3.138858e+03	-2.781318e+03	-3.575398e+02
529	4.519050e+00	3.787213e-02	1.781542e-02	4.800000e-01	-3.138942e+03	-2.781098e+03	-3.578435e+02
530	4.738257e+00	3.877979e-02	1.781542e-02	4.900000e-01	-3.138310e+03	-2.779846e+03	-3.584638e+02
531	4.721460e+00	3.871099e-02	1.781542e-02	4.800000e-01	-3.138394e+03	-2.779976e+03	-3.584175e+02
532	4.471823e+00	3.871099e-02	1.830594e-02	4.900000e-01	-3.138227e+03	-2.780670e+03	-3.575575e+02
533	4.962528e+00	3.871099e-02	1.737732e-02	4.900000e-01	-3.138455e+03	-2.779314e+03	-3.591412e+02
534	4.835792e+00	3.871099e-02	1.760356e-02	5.000000e-01	-3.138434e+03	-2.779661e+03	-3.587731e+02
535	4.822483e+00	3.865768e-02	1.760356e-02	5.000000e-01	-3.138495e+03	-2.779758e+03	-3.587364e+02
536	4.695236e+00	3.814426e-02	1.760356e-02	5.100000e-01	-3.138895e+03	-2.780515e+03	-3.583798e+02
537	4.616447e+00	3.782286e-02	1.760356e-02	5.100000e-01	-3.138971e+03	-2.780818e+03	-3.581531e+02
538	4.637007e+00	3.782286e-02	1.756449e-02	5.200000e-01	-3.138974e+03	-2.780758e+03	-3.582154e+02
539	4.617036e+00	3.782286e-02	1.760243e-02	5.200000e-01	-3.138971e+03	-2.780816e+03	-3.581549e+02
540	4.242334e+00	3.782286e-02	1.836335e-02	5.200000e-01	-3.138789e+03	-2.781915e+03	-3.568739e+02
541	4.391933e+00	3.848396e-02	1.836335e-02	5.300000e-01	-3.138447e+03	-2.781140e+03	-3.573073e+02
542	4.547051e+00	3.915767e-02	1.836335e-02	5.200000e-01	-3.137538e+03	-2.779800e+03	-3.577382e+02
543	4.295458e+00	3.915767e-02	1.889349e-02	5.200000e-01	-3.137228e+03	-2.780488e+03	-3.567398e+02
544	4.151923e+00	3.849787e-02	1.889349e-02	5.100000e-01	-3.138147e+03	-2.781811e+03	-3.563364e+02
545	4.334712e+00	3.849787e-02	1.849084e-02	5.100000e-01	-3.138374e+03	-2.781289e+03	-3.570852e+02
546	4.275188e+00	3.823263e-02	1.849084e-02	5.200000e-01	-3.138586e+03	-2.781672e+03	-3.569146e+02
547	4.312444e+00	3.839886e-02	1.849084e-02	5.100000e-01	-3.138464e+03	-2.781442e+03	-3.570217e+02
548	4.448278e+00	3.899892e-02	1.849084e-02	5.000000e-01	-3.137737e+03	-2.780334e+03	-3.574030e+02
549	4.418295e+00	3.886726e-02	1.849084e-02	5.000000e-01	-3.137933e+03	-2.780613e+03	-3.573201e+02
550	4.570928e+00	3.886726e-02	1.817949e-02	5.100000e-01	-3.138076e+03	-2.780191e+03	-3.578855e+02
551	4.675372e+00	3.886726e-02	1.797529e-02	5.000000e-01	-3.138149e+03	-2.779903e+03	-3.582461e+02
552	5.033172e+00	3.886726e-02	1.732459e-02	4.900000e-01	-3.138263e+03	-2.778928e+03	-3.593351e+02
553	4.464762e+00	3.886726e-02	1.839437e-02	4.900000e-01	-3.137981e+03	-2.780484e+03	-3.574972e+02
554	4.420579e+00	3.886726e-02	1.848606e-02	5.000000e-01	-3.137936e+03	-2.780607e+03	-3.573289e+02
555	4.474313e+00	3.886726e-02	1.837472e-02	5.100000e-01	-3.137991e+03	-2.780458e+03	-3.575331e+02
556	4.476591e+00	3.887715e-02	1.837472e-02	5.100000e-01	-3.137977e+03	-2.780437e+03	-3.575394e+02
557	4.501078e+00	3.898334e-02	1.837472e-02	5.100000e-01	-3.137819e+03	-2.780212e+03	-3.576069e+02
558	4.651260e+00	3.898334e-02	1.807564e-02	5.100000e-01	-3.137947e+03	-2.779801e+03	-3.581458e+02
559	4.848659e+00	3.898334e-02	1.770387e-02	5.100000e-01	-3.138054e+03	-2.779264e+03	-3.587904e+02
560	5.159839e+00	3.898334e-02	1.716173e-02	5.200000e-01	-3.138100e+03	-2.778426e+03	-3.596742e+02
561	5.301616e+00	3.898334e-02	1.693070e-02	5.200000e-01	-3.138076e+03	-2.778047e+03	-3.600282e+02
562	5.299543e+00	3.898334e-02	1.693401e-02	5.200000e-01	-3.138076e+03	-2.778053e+03	-3.600232e+02
563	5.218722e+00	3.868494e-02	1.693401e-02	5.200000e-01	-3.138451e+03	-2.778645e+03	-3.598060e+02
564	5.169344e+00	3.850149e-02	1.693401e-02	5.200000e-01	-3.138628e+03	-2.778957e+03	-3.596713e+02
565	4.803657e+00	3.850149e-02	1.756676e-02	5.300000e-01	-3.138656e+03	-2.779967e+03	-3.586889e+02
566	5.128469e+00	3.850149e-02	1.700136e-02	5.400000e-01	-3.138641e+03	-2.779069e+03	-3.595718e+02
567	5.102747e+00	3.840482e-02	1.700136e-02	5.400000e-01	-3.138718e+03	-2.779217e+03	-3.595009e+02
568	5.292804e+00	3.911349e-02	1.700136e-02	5.300000e-01	-3.137889e+03	-2.777874e+03	-3.600148e+02
569	5.308828e+00	3.917266e-02	1.700136e-02	5.400000e-01	-3.137793e+03	-2.777736e+03	-3.600572e+02
570	5.462112e+00	3.973416e-02	1.700136e-02	5.300000e-01	-3.136686e+03	-2.776231e+03	-3.604545e+02
571	5.600674e+00	3.973416e-02	1.678974e-02	5.200000e-01	-3.136660e+03	-2.775879e+03	-3.607810e+02
572	5.461528e+00	3.923746e-02	1.678974e-02	5.100000e-01	-3.137648e+03	-2.777226e+03	-3.604227e+02
573	5.445398e+00	3.917948e-02	1.678974e-02	5.200000e-01	-3.137746e+03	-2.777365e+03	-3.603804e+02
574	5.325101e+00	3.917948e-02	1.697832e-02	5.100000e-01	-3.137779e+03	-2.777681e+03	-3.600973e+02
575	5.261099e+00	3.894332e-02	1.697832e-02	5.200000e-01	-3.138140e+03	-2.778212e+03	-3.599275e+02
576	5.084539e+00	3.828428e-02	1.697832e-02	5.200000e-01	-3.138793e+03	-2.779347e+03	-3.594461e+02
577	4.941740e+00	3.774285e-02	1.697832e-02	5.200000e-01	-3.138914e+03	-2.779872e+03	-3.590419e+02
578	4.848531e+00	3.774285e-02	1.714074e-02	5.100000e-01	-3.138948e+03	-2.780141e+03	-3.588064e+02
579	4.902665e+00	3.795296e-02	1.714074e-02	5.200000e-01	-3.138944e+03	-2.779982e+03	-3.589618e+02
580	4.856071e+00	3.795296e-02	1.722278e-02	5.300000e-01	-3.138954e+03	-2.780115e+03	-3.588388e+02
581	4.822789e+00	3.782268e-02	1.722278e-02	5.300000e-01	-3.138964e+03	-2.780221e+03	-3.587433e+02
582	4.960934e+00	3.836055e-02	1.722278e-02	5.300000e-01	-3.138777e+03	-2.779642e+03	-3.591346e+02
583	5.096879e+00	3.836055e-02	1.699154e-02	5.400000e-01	-3.138747e+03	-2.779264e+03	-3.594829e+02
584	5.085759e+00	3.831868e-02	1.699154e-02	5.400000e-01	-3.138775e+03	-2.779323e+03	-3.594521e+02
585	4.779588e+00	3.831868e-02	1.752731e-02	5.300000e-01	-3.138803e+03	-2.780178e+03	-3.586253e+02
586	4.663781e+00	3.785162e-02	1.752731e-02	5.400000e-01	-3.138974e+03	-2.780680e+03	-3.582948e+02
587	4.675140e+00	3.785162e-02	1.750601e-02	5.300000e-01	-3.138975e+03	-2.780647e+03	-3.583284e+02
588	4.665233e+00	3.785162e-02	1.752459e-02	5.200000e-01	-3.138974e+03	-2.780675e+03	-3.582991e+02
589	4.529560e+00	3.729716e-02	1.752459e-02	5.200000e-01	-3.138791e+03	-2.780892e+03	-3.578992e+02
590	4.408380e+00	3.679487e-02	1.752459e-02	5.200000e-01	-3.138239e+03	-2.780709e+03	-3.575296e+02
591	4.463305e+00	3.702338e-02	1.752459e-02	5.300000e-01	-3.138537e+03	-2.780839e+03	-3.576986e+02
592	4.292582e+00	3.702338e-02	1.786968e-02	5.400000e-01	-3.138520e+03	-2.781362e+03	-3.571571e+02
593	4.667448e+00	3.702338e-02	1.713706e-02	5.300000e-01	-3.138488e+03	-2.780218e+03	-3.582701e+02
594	4.664094e+00	3.701007e-02	1.713706e-02	5.300000e-01	-3.138473e+03	-2.780213e+03	-3.582600e+02
595	4.856626e+00	3.776623e-02	1.713706e-02	5.300000e-01	-3.138950e+03	-2.780120e+03	-3.588291e+02
596	4.813886e+00	3.759968e-02	1.713706e-02	5.400000e-01	-3.138915e+03	-2.780210e+03	-3.587051e+02
597	4.874974e+00	3.759968e-02	1.702935e-02	5.400000e-01	-3.138893e+03	-2.780032e+03	-3.588610e+02
598	4.910402e+00	3.759968e-02	1.696780e-02	5.300000e-01	-3.138877e+03	-2.779929e+03	-3.589485e+02
599	4.841586e+00	3.733529e-02	1.696780e-02	5.400000e-01	-3.138738e+03	-2.779991e+03	-3.587469e+02
600	4.940318e+00	3.771404e-02	1.696780e-02	5.300000e-01	-3.138907e+03	-2.779872e+03	-3.590351e+02
601	5.002764e+00	3.771404e-02	1.686157e-02	5.300000e-01	-3.138876e+03	-2.779692e+03	-3.591845e+02
602	4.931332e+00	3.771404e-02	1.698326e-02	5.300000e-01	-3.138911e+03	-2.779898e+03	-3.590131e+02
603	4.826847e+00	3.771404e-02	1.716609e-02	5.200000e-01	-3.138947e+03	-2.780200e+03	-3.587476e+02
604	4.872738e+00	3.789290e-02	1.716609e-02	5.100000e-01	-3.138955e+03	-2.780075e+03	-3.588798e+02
605	5.097337e+00	3.789290e-02	1.678364e-02	5.000000e-01	-3.138863e+03	-2.779434e+03	-3.594290e+02
606	5.057127e+00	3.774315e-02	1.678364e-02	4.900000e-01	-3.138855e+03	-2.779541e+03	-3.593143e+02
607	4.876257e+00	3.774315e-02	1.709208e-02	4.900000e-01	-3.138939e+03	-2.780061e+03	-3.588779e+02
608	4.913572e+00	3.788728e-02	1.709208e-02	4.800000e-01	-3.138944e+03	-2.779958e+03	-3.589851e+02
609	4.721445e+00	3.788728e-02	1.743637e-02	4.900000e-01	-3.138973e+03	-2.780510e+03	-3.584632e+02
610	4.946845e+00	3.788728e-02	1.703450e-02	5.000000e-01	-3.138933e+03	-2.779863e+03	-3.590693e+02
611	4.541579e+00	3.788728e-02	1.777829e-02	4.900000e-01	-3.138946e+03	-2.781031e+03	-3.579152e+02
612	4.564506e+00	3.798280e-02	1.777829e-02	4.800000e-01	-3.138928e+03	-2.780946e+03	-3.579817e+02
613	4.747585e+00	3.798280e-02	1.743213e-02	4.900000e-01	-3.138958e+03	-2.780420e+03	-3.585384e+02
614	4.714703e+00	3.785103e-02	1.743213e-02	5.000000e-01	-3.138976e+03	-2.780532e+03	-3.584438e+02
615	4.648082e+00	3.758265e-02	1.743213e-02	5.000000e-01	-3.138939e+03	-2.780690e+03	-3.582496e+02
616	4.907009e+00	3.758265e-02	1.696598e-02	5.000000e-01	-3.138871e+03	-2.779933e+03	-3.589382e+02
617	4.449142e+00	3.758265e-02	1.781761e-02	5.000000e-01	-3.138915e+03	-2.781277e+03	-3.576377e+02
618	4.288023e+00	3.758265e-02	1.814926e-02	5.000000e-01	-3.138841e+03	-2.781757e+03	-3.570837e+02
619	4.158826e+00	3.758265e-02	1.842901e-02	5.100000e-01	-3.138743e+03	-2.782144e+03	-3.565985e+02
620	4.216890e+00	3.758265e-02	1.830169e-02	5.200000e-01	-3.138791e+03	-2.781970e+03	-3.568213e+02
621	4.256111e+00	3.775703e-02	1.830169e-02	5.300000e-01	-3.138815e+03	-2.781876e+03	-3.569383e+02
622	4.208856e+00	3.775703e-02	1.840415e-02	5.300000e-01	-3.138775e+03	-2.782017e+03	-3.567582e+02
623	4.187599e+00	3.775703e-02	1.845080e-02	5.400000e-01	-3.138755e+03	-2.782080e+03	-3.566756e+02
624	4.515573e+00	3.775703e-02	1.776811e-02	5.400000e-01	-3.138952e+03	-2.781111e+03	-3.578409e+02
625	4.100385e+00	3.775703e-02	1.864599e-02	5.400000e-01	-3.138665e+03	-2.782340e+03	-3.563253e+02
626	3.899143e+00	3.775703e-02	1.912112e-02	5.300000e-01	-3.138390e+03	-2.782946e+03	-3.554448e+02
627	3.904089e+00	3.775703e-02	1.910900e-02	5.400000e-01	-3.138398e+03	-2.782931e+03	-3.554677e+02
628	4.071964e+00	3.856025e-02	1.910900e-02	5.400000e-01	-3.137938e+03	-2.781976e+03	-3.559625e+02
629	4.017773e+00	3.856025e-02	1.923744e-02	5.500000e-01	-3.137845e+03	-2.782131e+03	-3.557134e+02
630	3.949573e+00	3.823158e-02	1.923744e-02	5.600000e-01	-3.138137e+03	-2.782622e+03	-3.555148e+02
631	4.034430e+00	3.823158e-02	1.903405e-02	5.700000e-01	-3.138278e+03	-2.782373e+03	-3.559049e+02
632	3.898913e+00	3.823158e-02	1.936201e-02	5.800000e-01	-3.138044e+03	-2.782771e+03	-3.552728e+02
633	3.782751e+00	3.823158e-02	1.965705e-02	5.700000e-01	-3.137806e+03	-2.783115e+03	-3.546911e+02
634	3.822353e+00	3.823158e-02	1.955496e-02	5.700000e-01	-3.137891e+03	-2.782998e+03	-3.548938e+02
635	3.854405e+00	3.823158e-02	1.947348e-02	5.700000e-01	-3.137957e+03	-2.782903e+03	-3.550545e+02
636	3.856138e+00	3.823158e-02	1.946910e-02	5.800000e-01	-3.137961e+03	-2.782898e+03	-3.550631e+02
637	3.784596e+00	3.787527e-02	1.946910e-02	5.900000e-01	-3.138125e+03	-2.783276e+03	-3.548489e+02
638	3.735977e+00	3.787527e-02	1.959538e-02	6.000000e-01	-3.138025e+03	-2.783424e+03	-3.546017e+02
639	3.699035e+00	3.787527e-02	1.969298e-02	6.000000e-01	-3.137945e+03	-2.783536e+03	-3.544091e+02
640	3.938964e+00	3.787527e-02	1.908379e-02	6.000000e-01	-3.138400e+03	-2.782811e+03	-3.555893e+02
641	4.073870e+00	3.787527e-02	1.876515e-02	6.100000e-01	-3.138592e+03	-2.782408e+03	-3.561840e+02
642	4.141280e+00	3.787527e-02	1.861180e-02	6.100000e-01	-3.138672e+03	-2.782208e+03	-3.564640e+02
643	4.400537e+00	3.787527e-02	1.805522e-02	6.100000e-01	-3.138887e+03	-2.781444e+03	-3.574434e+02
644	4.454402e+00	3.787527e-02	1.794573e-02	6.100000e-01	-3.138915e+03	-2.781286e+03	-3.576287e+02
645	4.315579e+00	3.787527e-02	1.823208e-02	6.100000e-01	-3.138832e+03	-2.781693e+03	-3.571388e+02
646	4.426320e+00	3.835815e-02	1.823208e-02	6.000000e-01	-3.138609e+03	-2.781150e+03	-3.574594e+02
647	4.336978e+00	3.796906e-02	1.823208e-02	5.900000e-01	-3.138813e+03	-2.781611e+03	-3.572016e+02
648	4.198344e+00	3.735728e-02	1.823208e-02	6.000000e-01	-3.138720e+03	-2.781932e+03	-3.567884e+02
649	4.251744e+00	3.759410e-02	1.823208e-02	6.100000e-01	-3.138818e+03	-2.781868e+03	-3.569495e+02
650	4.186320e+00	3.730374e-02	1.823208e-02	6.200000e-01	-3.138687e+03	-2.781935e+03	-3.567518e+02
651	4.109335e+00	3.730374e-02	1.840207e-02	6.200000e-01	-3.138629e+03	-2.782170e+03	-3.564587e+02
652	4.147511e+00	3.730374e-02	1.831718e-02	6.300000e-01	-3.138659e+03	-2.782054e+03	-3.566058e+02
653	4.122891e+00	3.719286e-02	1.831718e-02	6.200000e-01	-3.138578e+03	-2.782048e+03	-3.565302e+02
654	4.067843e+00	3.719286e-02	1.844070e-02	6.100000e-01	-3.138534e+03	-2.782217e+03	-3.563165e+02
655	3.992718e+00	3.684782e-02	1.844070e-02	6.200000e-01	-3.138166e+03	-2.782084e+03	-3.560818e+02
656	4.163689e+00	3.684782e-02	1.805812e-02	6.200000e-01	-3.138273e+03	-2.781547e+03	-3.567258e+02
657	4.276782e+00	3.684782e-02	1.781776e-02	6.100000e-01	-3.138308e+03	-2.781194e+03	-3.571140e+02
658	3.974368e+00	3.684782e-02	1.848322e-02	6.000000e-01	-3.138151e+03	-2.782142e+03	-3.560084e+02
659	4.110867e+00	3.684782e-02	1.817377e-02	6.100000e-01	-3.138247e+03	-2.781712e+03	-3.565344e+02
660	4.286865e+00	3.762833e-02	1.817377e-02	6.200000e-01	-3.138844e+03	-2.781771e+03	-3.570729e+02
661	4.240468e+00	3.742415e-02	1.817377e-02	6.300000e-01	-3.138773e+03	-2.781840e+03	-3.569336e+02
662	4.676806e+00	3.742415e-02	1.730523e-02	6.200000e-01	-3.138861e+03	-2.780535e+03	-3.583260e+02
663	4.399213e+00	3.742415e-02	1.784286e-02	6.300000e-01	-3.138847e+03	-2.781362e+03	-3.574850e+02
664	4.533921e+00	3.799281e-02	1.784286e-02	6.400000e-01	-3.138914e+03	-2.781032e+03	-3.578816e+02
665	4.490106e+00	3.799281e-02	1.792971e-02	6.500000e-01	-3.138895e+03	-2.781159e+03	-3.577362e+02
666	4.729556e+00	3.799281e-02	1.746993e-02	6.400000e-01	-3.138955e+03	-2.780469e+03	-3.584862e+02
667	4.878481e+00	3.858634e-02	1.746993e-02	6.500000e-01	-3.138584e+03	-2.779679e+03	-3.589052e+02
668	4.674160e+00	3.858634e-02	1.784768e-02	6.400000e-01	-3.138524e+03	-2.780245e+03	-3.582785e+02
669	4.674313e+00	3.858697e-02	1.784768e-02	6.300000e-01	-3.138523e+03	-2.780244e+03	-3.582790e+02
670	5.062491e+00	3.858697e-02	1.714978e-02	6.200000e-01	-3.138581e+03	-2.779172e+03	-3.594097e+02
671	5.180413e+00	3.903379e-02	1.714978e-02	6.100000e-01	-3.138025e+03	-2.778296e+03	-3.597286e+02
672	4.955425e+00	3.817675e-02	1.714978e-02	6.100000e-01	-3.138876e+03	-2.779764e+03	-3.591124e+02
673	5.060876e+00	3.817675e-02	1.697017e-02	6.000000e-01	-3.138846e+03	-2.779468e+03	-3.593783e+02
674	4.935620e+00	3.817675e-02	1.718415e-02	6.100000e-01	-3.138880e+03	-2.779819e+03	-3.590605e+02
675	4.777873e+00	3.817675e-02	1.746553e-02	6.200000e-01	-3.138889e+03	-2.780265e+03	-3.586240e+02
676	4.726943e+00	3.797273e-02	1.746553e-02	6.200000e-01	-3.138960e+03	-2.780481e+03	-3.584788e+02
677	4.676096e+00	3.776795e-02	1.746553e-02	6.200000e-01	-3.138975e+03	-2.780643e+03	-3.583319e+02
678	4.554369e+00	3.776795e-02	1.769739e-02	6.300000e-01	-3.138962e+03	-2.780998e+03	-3.579635e+02
679	4.186155e+00	3.620904e-02	1.769739e-02	6.400000e-01	-3.137105e+03	-2.780274e+03	-3.568311e+02
680	4.288688e+00	3.620904e-02	1.748456e-02	6.500000e-01	-3.137090e+03	-2.779942e+03	-3.571480e+02
681	4.243528e+00	3.601789e-02	1.748456e-02	6.600000e-01	-3.136593e+03	-2.779592e+03	-3.570016e+02
682	4.432637e+00	3.681170e-02	1.748456e-02	6.700000e-01	-3.138261e+03	-2.780659e+03	-3.576024e+02
683	4.427016e+00	3.678835e-02	1.748456e-02	6.700000e-01	-3.138227e+03	-2.780642e+03	-3.575850e+02
684	4.306652e+00	3.678835e-02	1.772721e-02	6.600000e-01	-3.138229e+03	-2.781016e+03	-3.572134e+02
685	4.096289e+00	3.678835e-02	1.817670e-02	6.500000e-01	-3.138163e+03	-2.781675e+03	-3.564878e+02
686	4.332358e+00	3.678835e-02	1.767454e-02	6.500000e-01	-3.138231e+03	-2.780936e+03	-3.572953e+02
687	4.324358e+00	3.678835e-02	1.769088e-02	6.400000e-01	-3.138231e+03	-2.780961e+03	-3.572700e+02
688	4.228582e+00	3.637868e-02	1.769088e-02	6.300000e-01	-3.137491e+03	-2.780523e+03	-3.569676e+02
689	4.591080e+00	3.637868e-02	1.697811e-02	6.300000e-01	-3.137360e+03	-2.779373e+03	-3.579868e+02
690	4.728335e+00	3.691846e-02	1.697811e-02	6.400000e-01	-3.138313e+03	-2.779902e+03	-3.584109e+02
691	4.559513e+00	3.625340e-02	1.697811e-02	6.500000e-01	-3.137072e+03	-2.779184e+03	-3.578871e+02
692	4.449275e+00	3.581245e-02	1.697811e-02	6.600000e-01	-3.135843e+03	-2.778310e+03	-3.575323e+02
693	4.569746e+00	3.629406e-02	1.697811e-02	6.500000e-01	-3.137168e+03	-2.779249e+03	-3.579195e+02
694	4.619406e+00	3.649073e-02	1.697811e-02	6.400000e-01	-3.137596e+03	-2.779521e+03	-3.580756e+02
695	4.438114e+00	3.649073e-02	1.732141e-02	6.500000e-01	-3.137689e+03	-2.780089e+03	-3.575996e+02
696	4.491125e+00	3.670801e-02	1.732141e-02	6.400000e-01	-3.138082e+03	-2.780317e+03	-3.577653e+02
697	4.729095e+00	3.670801e-02	1.687998e-02	6.300000e-01	-3.137960e+03	-2.779582e+03	-3.583778e+02
698	4.868705e+00	3.670801e-02	1.663620e-02	6.200000e-01	-3.137846e+03	-2.779155e+03	-3.586905e+02
699	4.924423e+00	3.691746e-02	1.663620e-02	6.100000e-01	-3.138167e+03	-2.779308e+03	-3.588595e+02
700	5.462950e+00	3.691746e-02	1.579495e-02	6.200000e-01	-3.137495e+03	-2.777702e+03	-3.597922e+02
701	5.365089e+00	3.691746e-02	1.593835e-02	6.200000e-01	-3.137644e+03	-2.777992e+03	-3.596523e+02
702	5.306308e+00	3.671466e-02	1.593835e-02	6.300000e-01	-3.137319e+03	-2.777842e+03	-3.594770e+02
703	5.408792e+00	3.671466e-02	1.578663e-02	6.200000e-01	-3.137157e+03	-2.777535e+03	-3.596220e+02
704	5.421031e+00	3.675618e-02	1.578663e-02	6.300000e-01	-3.137230e+03	-2.777571e+03	-3.596586e+02
705	5.363489e+00	3.675618e-02	1.587109e-02	6.200000e-01	-3.137322e+03	-2.777743e+03	-3.595787e+02
706	5.654802e+00	3.774117e-02	1.587109e-02	6.100000e-01	-3.138268e+03	-2.777846e+03	-3.604225e+02
707	5.540748e+00	3.774117e-02	1.603360e-02	6.000000e-01	-3.138413e+03	-2.778166e+03	-3.602467e+02
708	5.971780e+00	3.774117e-02	1.544413e-02	5.900000e-01	-3.137793e+03	-2.776960e+03	-3.608330e+02
709	5.995824e+00	3.781707e-02	1.544413e-02	6.000000e-01	-3.137811e+03	-2.776912e+03	-3.608997e+02
710	6.659915e+00	3.781707e-02	1.465391e-02	6.100000e-01	-3.136532e+03	-2.775090e+03	-3.614421e+02
711	6.408848e+00	3.781707e-02	1.493819e-02	6.200000e-01	-3.137059e+03	-2.775775e+03	-3.612834e+02
712	6.420771e+00	3.785223e-02	1.493819e-02	6.100000e-01	-3.137067e+03	-2.775751e+03	-3.613160e+02
713	6.375493e+00	3.771853e-02	1.493819e-02	6.100000e-01	-3.137027e+03	-2.775835e+03	-3.611918e+02
714	6.503768e+00	3.809609e-02	1.493819e-02	6.200000e-01	-3.137076e+03	-2.775535e+03	-3.615409e+02
715	5.858883e+00	3.809609e-02	1.573885e-02	6.100000e-01	-3.138144e+03	-2.777285e+03	-3.608586e+02
716	6.527993e+00	3.809609e-02	1.491044e-02	6.100000e-01	-3.137029e+03	-2.775470e+03	-3.615591e+02
717	5.659868e+00	3.809609e-02	1.601317e-02	6.200000e-01	-3.138394e+03	-2.777832e+03	-3.605618e+02
718	5.688393e+00	3.819197e-02	1.601317e-02	6.100000e-01	-3.138364e+03	-2.777724e+03	-3.606402e+02
719	5.612802e+00	3.793736e-02	1.601317e-02	6.100000e-01	-3.138416e+03	-2.777984e+03	-3.604315e+02
720	5.593893e+00	3.793736e-02	1.604021e-02	6.100000e-01	-3.138438e+03	-2.778037e+03	-3.604010e+02
721	5.577541e+00	3.788187e-02	1.604021e-02	6.200000e-01	-3.138438e+03	-2.778082e+03	-3.603554e+02
722	5.640557e+00	3.809527e-02	1.604021e-02	6.200000e-01	-3.138415e+03	-2.777885e+03	-3.605303e+02
723	5.373023e+00	3.809527e-02	1.643470e-02	6.100000e-01	-3.138677e+03	-2.778626e+03	-3.600507e+02
724	5.347945e+00	3.809527e-02	1.647319e-02	6.000000e-01	-3.138697e+03	-2.778696e+03	-3.600010e+02
725	5.388608e+00	3.809527e-02	1.641091e-02	5.900000e-01	-3.138664e+03	-2.778583e+03	-3.600811e+02
726	5.140693e+00	3.809527e-02	1.680197e-02	5.900000e-01	-3.138832e+03	-2.779275e+03	-3.595574e+02
727	5.180305e+00	3.824176e-02	1.680197e-02	5.800000e-01	-3.138772e+03	-2.779104e+03	-3.596680e+02
728	5.030755e+00	3.768571e-02	1.680197e-02	5.800000e-01	-3.138850e+03	-2.779605e+03	-3.592450e+02
729	5.045422e+00	3.774061e-02	1.680197e-02	5.800000e-01	-3.138861e+03	-2.779574e+03	-3.592872e+02
730	5.194255e+00	3.829321e-02	1.680197e-02	5.800000e-01	-3.138744e+03	-2.779037e+03	-3.597067e+02
731	5.227887e+00	3.841699e-02	1.680197e-02	5.700000e-01	-3.138663e+03	-2.778863e+03	-3.597995e+02
732	5.209768e+00	3.835035e-02	1.680197e-02	5.700000e-01	-3.138709e+03	-2.778959e+03	-3.597496e+02
733	5.260351e+00	3.835035e-02	1.672099e-02	5.800000e-01	-3.138683e+03	-2.778819e+03	-3.598635e+02
734	4.958148e+00	3.835035e-02	1.722303e-02	5.700000e-01	-3.138784e+03	-2.779657e+03	-3.591269e+02
735	5.439885e+00	3.835035e-02	1.644275e-02	5.600000e-01	-3.138566e+03	-2.778326e+03	-3.602394e+02
736	5.371703e+00	3.835035e-02	1.654678e-02	5.700000e-01	-3.138615e+03	-2.778513e+03	-3.601017e+02
737	5.387808e+00	3.840780e-02	1.654678e-02	5.600000e-01	-3.138577e+03	-2.778431e+03	-3.601459e+02
738	5.490716e+00	3.840780e-02	1.639098e-02	5.600000e-01	-3.138502e+03	-2.778150e+03	-3.603514e+02
739	5.558964e+00	3.864576e-02	1.639098e-02	5.500000e-01	-3.138303e+03	-2.777767e+03	-3.605361e+02
740	5.690265e+00	3.909950e-02	1.639098e-02	5.400000e-01	-3.137735e+03	-2.776851e+03	-3.608839e+02
741	5.937236e+00	3.993899e-02	1.639098e-02	5.300000e-01	-3.136066e+03	-2.774553e+03	-3.615133e+02
742	5.878705e+00	3.974164e-02	1.639098e-02	5.400000e-01	-3.136527e+03	-2.775160e+03	-3.613669e+02
743	5.715690e+00	3.918675e-02	1.639098e-02	5.400000e-01	-3.137598e+03	-2.776648e+03	-3.609502e+02
744	5.496315e+00	3.918675e-02	1.671489e-02	5.500000e-01	-3.137715e+03	-2.777220e+03	-3.604953e+02
745	5.043732e+00	3.918675e-02	1.744871e-02	5.500000e-01	-3.137769e+03	-2.778414e+03	-3.593550e+02
746	5.012889e+00	3.918675e-02	1.750230e-02	5.500000e-01	-3.137762e+03	-2.778496e+03	-3.592663e+02
747	5.051947e+00	3.918675e-02	1.743452e-02	5.600000e-01	-3.137770e+03	-2.778392e+03	-3.593783e+02
748	4.968005e+00	3.885983e-02	1.743452e-02	5.500000e-01	-3.138268e+03	-2.779115e+03	-3.591529e+02
749	4.937475e+00	3.874024e-02	1.743452e-02	5.500000e-01	-3.138418e+03	-2.779348e+03	-3.590697e+02
750	5.104681e+00	3.939075e-02	1.743452e-02	5.600000e-01	-3.137398e+03	-2.777880e+03	-3.595177e+02
751	4.956493e+00	3.881478e-02	1.743452e-02	5.600000e-01	-3.138326e+03	-2.779205e+03	-3.591216e+02
752	4.909924e+00	3.863201e-02	1.743452e-02	5.500000e-01	-3.138539e+03	-2.779545e+03	-3.589942e+02
753	4.838748e+00	3.835097e-02	1.743452e-02	5.600000e-01	-3.138787e+03	-2.779990e+03	-3.587966e+02
754	4.825424e+00	3.829814e-02	1.743452e-02	5.700000e-01	-3.138822e+03	-2.780063e+03	-3.587592e+02
755	4.974477e+00	3.829814e-02	1.717133e-02	5.800000e-01	-3.138813e+03	-2.779645e+03	-3.591681e+02
756	4.890137e+00	3.797209e-02	1.717133e-02	5.700000e-01	-3.138945e+03	-2.780015e+03	-3.589302e+02
757	5.020676e+00	3.797209e-02	1.694663e-02	5.800000e-01	-3.138903e+03	-2.779643e+03	-3.592596e+02
758	4.875862e+00	3.797209e-02	1.719645e-02	5.700000e-01	-3.138948e+03	-2.780055e+03	-3.588925e+02
759	4.710437e+00	3.797209e-02	1.749580e-02	5.700000e-01	-3.138959e+03	-2.780529e+03	-3.584305e+02
760	4.697211e+00	3.797209e-02	1.752042e-02	5.600000e-01	-3.138958e+03	-2.780567e+03	-3.583915e+02
761	4.553326e+00	3.738598e-02	1.752042e-02	5.500000e-01	-3.138850e+03	-2.780880e+03	-3.579703e+02
762	4.718719e+00	3.805892e-02	1.752042e-02	5.600000e-01	-3.138934e+03	-2.780481e+03	-3.584532e+02
763	4.942086e+00	3.805892e-02	1.711990e-02	5.700000e-01	-3.138917e+03	-2.779846e+03	-3.590708e+02
764	4.714042e+00	3.805892e-02	1.752911e-02	5.800000e-01	-3.138934e+03	-2.780494e+03	-3.584393e+02
765	4.813292e+00	3.845748e-02	1.752911e-02	5.800000e-01	-3.138698e+03	-2.779979e+03	-3.587195e+02
766	5.446341e+00	3.845748e-02	1.647891e-02	5.700000e-01	-3.138510e+03	-2.778235e+03	-3.602747e+02
767	5.493071e+00	3.862212e-02	1.647891e-02	5.700000e-01	-3.138369e+03	-2.777967e+03	-3.604013e+02
768	5.195764e+00	3.862212e-02	1.694382e-02	5.800000e-01	-3.138518e+03	-2.778773e+03	-3.597455e+02
769	5.282350e+00	3.894260e-02	1.694382e-02	5.900000e-01	-3.138135e+03	-2.778156e+03	-3.599790e+02
770	4.763906e+00	3.894260e-02	1.784199e-02	5.800000e-01	-3.138081e+03	-2.779554e+03	-3.585272e+02
771	4.820165e+00	3.894260e-02	1.773756e-02	5.800000e-01	-3.138107e+03	-2.779401e+03	-3.587058e+02
772	5.441769e+00	3.894260e-02	1.669379e-02	5.700000e-01	-3.138077e+03	-2.777732e+03	-3.603455e+02
773	5.459924e+00	3.900751e-02	1.669379e-02	5.800000e-01	-3.137986e+03	-2.777593e+03	-3.603936e+02
774	5.291074e+00	3.839961e-02	1.669379e-02	5.800000e-01	-3.138640e+03	-2.778702e+03	-3.599386e+02
775	5.123389e+00	3.778623e-02	1.669379e-02	5.900000e-01	-3.138827e+03	-2.779357e+03	-3.594694e+02
776	5.249795e+00	3.824953e-02	1.669379e-02	5.900000e-01	-3.138731e+03	-2.778907e+03	-3.598248e+02
777	5.513732e+00	3.824953e-02	1.628933e-02	5.900000e-01	-3.138535e+03	-2.778179e+03	-3.603562e+02
778	5.803451e+00	3.824953e-02	1.587753e-02	5.800000e-01	-3.138226e+03	-2.777387e+03	-3.608393e+02
779	5.888548e+00	3.824953e-02	1.576239e-02	5.900000e-01	-3.138118e+03	-2.777156e+03	-3.609629e+02
780	6.222147e+00	3.824953e-02	1.533402e-02	6.000000e-01	-3.137629e+03	-2.776255e+03	-3.613747e+02
781	6.227152e+00	3.826491e-02	1.533402e-02	6.000000e-01	-3.137623e+03	-2.776235e+03	-3.613881e+02
782	6.337093e+00	3.860122e-02	1.533402e-02	5.900000e-01	-3.137420e+03	-2.775739e+03	-3.616804e+02
783	6.063664e+00	3.775926e-02	1.533402e-02	6.000000e-01	-3.137652e+03	-2.776710e+03	-3.609422e+02
784	5.693429e+00	3.775926e-02	1.582474e-02	6.100000e-01	-3.138228e+03	-2.777742e+03	-3.604860e+02
785	5.542055e+00	3.725392e-02	1.582474e-02	6.100000e-01	-3.137931e+03	-2.777876e+03	-3.600551e+02
786	5.531992e+00	3.722008e-02	1.582474e-02	6.100000e-01	-3.137898e+03	-2.777872e+03	-3.600260e+02
787	5.021218e+00	3.722008e-02	1.661012e-02	6.100000e-01	-3.138501e+03	-2.779366e+03	-3.591346e+02
788	5.259019e+00	3.722008e-02	1.623024e-02	6.100000e-01	-3.138261e+03	-2.778667e+03	-3.595940e+02
789	4.596869e+00	3.722008e-02	1.735986e-02	6.100000e-01	-3.138722e+03	-2.780629e+03	-3.580930e+02
790	4.508121e+00	3.722008e-02	1.752990e-02	6.100000e-01	-3.138731e+03	-2.780896e+03	-3.578347e+02
791	4.618268e+00	3.767204e-02	1.752990e-02	6.000000e-01	-3.138962e+03	-2.780800e+03	-3.581622e+02
792	4.648788e+00	3.779631e-02	1.752990e-02	5.900000e-01	-3.138975e+03	-2.780724e+03	-3.582512e+02
793	4.815851e+00	3.779631e-02	1.722316e-02	5.800000e-01	-3.138964e+03	-2.780240e+03	-3.587234e+02
794	4.586513e+00	3.779631e-02	1.764851e-02	5.900000e-01	-3.138968e+03	-2.780905e+03	-3.580623e+02
795	4.523862e+00	3.779631e-02	1.777030e-02	5.900000e-01	-3.138953e+03	-2.781088e+03	-3.578648e+02
796	4.529904e+00	3.782154e-02	1.777030e-02	6.000000e-01	-3.138952e+03	-2.781070e+03	-3.578825e+02
797	4.484651e+00	3.763215e-02	1.777030e-02	6.100000e-01	-3.138934e+03	-2.781185e+03	-3.577496e+02
798	4.655108e+00	3.834066e-02	1.777030e-02	6.000000e-01	-3.138755e+03	-2.780514e+03	-3.582418e+02
799	4.552457e+00	3.834066e-02	1.796953e-02	6.100000e-01	-3.138709e+03	-2.780804e+03	-3.579048e+02
800	4.588266e+00	3.849116e-02	1.796953e-02	6.100000e-01	-3.138585e+03	-2.780579e+03	-3.580059e+02
801	4.659554e+00	3.878903e-02	1.796953e-02	6.000000e-01	-3.138255e+03	-2.780051e+03	-3.582044e+02
802	4.253412e+00	3.878903e-02	1.880789e-02	6.000000e-01	-3.137860e+03	-2.781182e+03	-3.566784e+02
803	4.287117e+00	3.878903e-02	1.873381e-02	6.000000e-01	-3.137905e+03	-2.781087e+03	-3.568183e+02
804	4.332703e+00	3.878903e-02	1.863500e-02	5.900000e-01	-3.137963e+03	-2.780959e+03	-3.570034e+02
805	4.224624e+00	3.878903e-02	1.887187e-02	5.900000e-01	-3.137820e+03	-2.781263e+03	-3.565568e+02
806	4.087570e+00	3.878903e-02	1.918564e-02	6.000000e-01	-3.137602e+03	-2.781650e+03	-3.559515e+02
807	4.073365e+00	3.878903e-02	1.921906e-02	6.100000e-01	-3.137577e+03	-2.781690e+03	-3.558861e+02
808	4.145368e+00	3.913035e-02	1.921906e-02	6.200000e-01	-3.137040e+03	-2.780952e+03	-3.560884e+02
809	4.101069e+00	3.892071e-02	1.921906e-02	6.100000e-01	-3.137386e+03	-2.781421e+03	-3.559645e+02
810	4.010378e+00	3.848796e-02	1.921906e-02	6.000000e-01	-3.137934e+03	-2.782229e+03	-3.557056e+02
811	4.183099e+00	3.848796e-02	1.881810e-02	6.000000e-01	-3.138204e+03	-2.781731e+03	-3.564725e+02
812	4.476488e+00	3.848796e-02	1.819098e-02	6.000000e-01	-3.138514e+03	-2.780896e+03	-3.576174e+02
813	4.556929e+00	3.883222e-02	1.819098e-02	6.000000e-01	-3.138120e+03	-2.780277e+03	-3.578422e+02
